inertia,OMI,Tol,Rtol,omi,tol,rtol
Rhinella_azarai,1.03048862442973,0.889100271607431,0.021955905122446,0.119432447699854,86.3,2.1,11.6
Rhinella_bergi,0.904409085605842,0.745300982737364,0.00794195459855639,0.151166148269921,82.4,0.9,16.7
Rhinella_diptycha,1.73709362154397,1.67279062488362,0.0013548511373085,0.0629481455230425,96.3,0.1,3.6
Melanophryniscus_fulvoguttatus,1.382955073856,1.25526269247125,0.0215163144453951,0.106176066939358,90.8,1.6,7.7
Crossodactylus_schmidti,4.48701601929803,3.78557005477606,0.186706943758646,0.514739020763326,84.4,4.2,11.5
Scinax_aromothyella,6.75146167638876,6.75146167638876,0,0,100,0,0
Hypsiboas_curupi,2.60125020530265,2.60125020530265,0,0,100,0,0
Melanophryniscus_cambaraensis,6.06005220341286,5.46412008500732,0.319885647970568,0.276046470434975,90.2,5.3,4.6
Melanophryniscus_macrogranulosus,4.69097463737138,2.96179144554068,0.137233792101539,1.59194939972915,63.1,2.9,33.9
Hylodes_meridionalis,6.16842706655306,4.21265130845933,0.392662389974952,1.56311336811878,68.3,6.4,25.3
Melanophryniscus_admirabilis,6.50143610255163,6.4316918168748,0.00313175262581919,0.0666125330510081,98.9,0,1
Dendrophryniscus_krausae,8.60100190153324,8.49664025998574,0.000313419904088243,0.104048221643417,98.8,0,1.2
Scinax_rossaferesae,2.32309588289222,1.94197360128786,0.10339781863745,0.277724462966912,83.6,4.5,12
Brachycephalus_sulfuratus,7.47693280258329,5.74461065500587,0.376207653050353,1.35611449452707,76.8,5,18.1
Melanophryniscus_milanoi,3.32166822075828,2.89773999786508,0.145967163388823,0.277961059504372,87.2,4.4,8.4
Melanophryniscus_xanthostomus,5.54370500783919,3.82035316032188,0.141886363115823,1.58146548440148,68.9,2.6,28.5
Aplastodiscus_cochranae,3.92142806544273,2.44204588141899,0.330784556392332,1.14859762763141,62.3,8.4,29.3
Melanophryniscus_simplex,7.46973922757161,6.06959130823602,0.939414129923142,0.460733789412447,81.3,12.6,6.2
Vitreorana_parvula,7.63637070432281,7.47836052740947,0.0187459337310853,0.139264243182263,97.9,0.2,1.8
Aplastodiscus_ehrhardti,4.19840194561353,2.98385300322568,0.240662216561662,0.97388672582619,71.1,5.7,23.2
Dendropsophus_nahdereri,5.38210467089166,3.8037127540369,0.429508464812083,1.14888345204268,70.7,8,21.3
Hypsiboas_semiguttatus,4.86198323595632,3.17918820055232,0.235006269453784,1.44778876595021,65.4,4.8,29.8
Trachycephalus_lepidus,4.12152925921431,2.88404845617551,0.777668182478589,0.459812620560209,70,18.9,11.2
Cycloramphus_asper,4.24055072840979,2.90677828779063,0.281888610184942,1.05188383043422,68.5,6.6,24.8
Cycloramphus_bolitoglossus,3.80665047294661,2.67672094734283,0.129190170804593,1.00073935479918,70.3,3.4,26.3
Cycloramphus_catarinensis,3.08839612880148,3.05922986850392,0.000202475460368811,0.0289637848371976,99.1,0,0.9
Cycloramphus_diringshofeni,3.74818975114839,2.38898583269106,0.193536513938726,1.1656674045186,63.7,5.2,31.1
Cycloramphus_duseni,5.28116204125815,5.15032123766398,0.0774328549685113,0.053407948625658,97.5,1.5,1
Ischnocnema_manezinho,3.6793706882016,2.46611007064802,0.112122672291323,1.10113794526226,67,3,29.9
Ischnocnema_sambaqui,4.83449566492672,4.07574222623514,0.0408779019059266,0.717875536785654,84.3,0.8,14.8
Hylodes_heyeri,4.12655537121575,2.04499106096604,1.14443736008671,0.937126950162994,49.6,27.7,22.7
Hylodes_perplicatus,4.66301321323864,3.20867046203061,0.217523735318673,1.23681901588936,68.8,4.7,26.5
Scythrophrys_sawayae,4.19107142180963,2.9222947023481,0.156941895902016,1.11183482355952,69.7,3.7,26.5
Brachycephalus_pombali,5.50996695380647,4.31519610319975,0.0638850949353684,1.13088575567135,78.3,1.2,20.5
Brachycephalus_ferruginus,4.83449566492672,4.07574222623514,0.0408779019059266,0.717875536785654,84.3,0.8,14.8
Adenomera_nana,4.19908021089006,2.87086048465225,0.194667200892088,1.13355252534572,68.4,4.6,27
Physalaemus_insperatus,4.09302998862289,3.34748339414637,0.12540324275183,0.620143351724694,81.8,3.1,15.2
Hylodes_cardosoi,3.05514245151549,1.99768885279162,0.699309143786758,0.358144454937108,65.4,22.9,11.7
Hylodes_dactylocinus,4.96858663133017,4.28562142394719,0.00488698564110538,0.678078221741868,86.3,0.1,13.6
Bokermannohyla_izecksohni,0.451662266525508,0.451662266525508,0,0,100,0,0
Proceratophrys_moratoi,0.451662266525508,0.451662266525508,0,0,100,0,0
Holoaden_suarezi,2.40990712336564,0.428233859528106,0.46796160064624,1.51371166319129,17.8,19.4,62.8
Boana_bandeirantes,1.98855034697399,0.424819476649073,0.440072738153375,1.12365813217154,21.4,22.1,56.5
Brachycephalus_margariatus,2.56577271871036,1.12111013362079,0.379304993557647,1.06535759153192,43.7,14.8,41.5
Proceratophrys_belzebul,4.5176697825221,2.78518466811532,1.49956259633519e-05,1.73247011878082,61.7,0,38.3
Proceratophrys_izecksohni,2.5280571537626,1.05493692500445,0.925954163843033,0.547166064915114,41.7,36.6,21.6
Paratelmatobius_cardosoi,2.60642461837236,2.5671083490113,0.0113685261273223,0.0279477432337398,98.5,0.4,1.1
Holoaden_bradei,2.2090878656275,1.36853543653662,0.37291087807114,0.467641551019746,62,16.9,21.2
Hylodes_sazimai,2.44333023679792,1.19911053404467,0.655631509356695,0.588588193396551,49.1,26.8,24.1
Hylodes_uai,4.82227239147043,3.62085947429678,0.201485364022588,0.999927553151059,75.1,4.2,20.7
Paratelmatobius_lutzii,2.2961642147646,1.49452927140455,0.363291058068735,0.438343885291315,65.1,15.8,19.1
Scinax_maracaya,1.87153653956618,1.87153653956618,0,0,100,0,0
Scinax_melloi,1.78225257653152,0.732588722583188,0.0698339661182856,0.979829887830048,41.1,3.9,55
Scinax_duartei,2.51235293011905,1.56106153704045,0.161879056370453,0.789412336708149,62.1,6.4,31.4
Melanophryniscus_moreirae,2.80144438218371,2.20341839100242,0.335746079679111,0.262279911502172,78.7,12,9.4
Brachycephalus_vertebralis,2.05254988753545,0.65276652803539,0.247153370170737,1.15262998932932,31.8,12,56.2
Aplastodiscus_callipygius,3.04921857739065,1.04200669958728,0.894873142988978,1.11233873481439,34.2,29.3,36.5
Bokermannohyla_clepsydra,2.01045333462858,0.321156820893207,0.102856355889492,1.58644015784589,16,5.1,78.9
Hypsiboas_cymbalum,1.46841472535775,1.23087832056466,0.128802449540267,0.108733955252821,83.8,8.8,7.4
Bokermannohyla_gouveai,2.2961642147646,1.49452927140455,0.363291058068735,0.438343885291315,65.1,15.8,19.1
Aplastodiscus_musicus,1.78225257653152,0.732588722583188,0.0698339661182856,0.979829887830048,41.1,3.9,55
Phasmahyla_cochranae,2.11366053946465,1.08451973828989,0.285151394092434,0.743989407082323,51.3,13.5,35.2
Pithecopus_ayeaye,1.54688123415819,1.54688123415819,0,0,100,0,0
Scinax_angrensis,4.50474452236658,4.50474452236658,0,0,100,0,0
Scinax_ariadne,2.05254988753545,0.65276652803539,0.247153370170737,1.15262998932932,31.8,12,56.2
Scinax_atratus,2.737880276285,1.50952259158708,0.459322574952851,0.769035109745066,55.1,16.8,28.1
Scinax_ranki,2.23187573910127,2.10618128147104,0.0556952855779925,0.0699991720522335,94.4,2.5,3.1
Crossodactylus_grandis,1.7635857196625,1.12493423394636,0.194585812939356,0.444065672776785,63.8,11,25.2
Cycloramphus_ohausi,1.78225257653152,0.732588722583188,0.0698339661182856,0.979829887830048,41.1,3.9,55
Crossodactylus_dispar,2.47290360929348,1.08527986585967,0.458220811582792,0.929402931851023,43.9,18.5,37.6
Crossodactylus_trachystomus,4.82227239147043,3.62085947429678,0.201485364022588,0.999927553151059,75.1,4.2,20.7
Cycloramphus_brasiliensis,1.79818048318021,0.780106554431143,0.0709729225446979,0.947101006204367,43.4,3.9,52.7
Cycloramphus_carvalhoi,2.2961642147646,1.49452927140455,0.363291058068735,0.438343885291315,65.1,15.8,19.1
Cycloramphus_dubius,2.50164122521927,1.60746278354635,0.303529084531389,0.590649357141531,64.3,12.1,23.6
Cycloramphus_granulosus,3.06224899320098,0.60197000646738,0.914610683457982,1.54566830327562,19.7,29.9,50.5
Megaelosia_jordanensis,5.43273483609478,4.42318000561638,0.900251464429092,0.109303366049308,81.4,16.6,2
Cycloramphus_stejnegeri,1.70029252534274,0.827310406286695,0.0552707131016079,0.817711405954439,48.7,3.3,48.1
Ischnocnema_gualteri,1.78225257653152,0.732588722583188,0.0698339661182856,0.979829887830048,41.1,3.9,55
Ischnocnema_hoehnei,1.85871631171128,0.308354783843573,0.0738832516360581,1.47647827623165,16.6,4,79.4
Ischnocnema_izecksohni,3.94397682795132,3.15795908555113,0.233712585008525,0.552305157391666,80.1,5.9,14
Ischnocnema_holti,2.2961642147646,1.49452927140455,0.363291058068735,0.438343885291315,65.1,15.8,19.1
Ischnocnema_nigriventris,2.26475671916378,2.26475671916378,0,0,100,0,0
Ischnocnema_octavioi,1.37085355237701,0.737986277621772,0.0348905837882376,0.597976690967003,53.8,2.5,43.6
Ischnocnema_pusilla,2.05254988753545,0.65276652803539,0.247153370170737,1.15262998932932,31.8,12,56.2
Ischnocnema_spanios,1.63831205537396,0.841518494972901,0.329347123163775,0.467446437237286,51.4,20.1,28.5
Holoaden_luederwaldti,3.11191206920657,1.10732975258204,0.867548996194789,1.13703332042974,35.6,27.9,36.5
Hylodes_ornatus,2.13581064611944,1.02965407417332,0.553281655891087,0.552874916055033,48.2,25.9,25.9
Hylodes_charadranaetes,1.70060349925148,0.584305435181279,0.00405121927412654,1.11224684479607,34.4,0.2,65.4
Hylodes_glaber,2.2961642147646,1.49452927140455,0.363291058068735,0.438343885291315,65.1,15.8,19.1
Hylodes_regius,4.6139625097308,2.70862665398742,1.15042795009962,0.754907905643758,58.7,24.9,16.4
Hylodes_magalhaesi,2.78624479080292,1.46202940180165,0.875660735014317,0.448554653986951,52.5,31.4,16.1
Hylodes_mertensi,2.26475671916378,2.26475671916378,0,0,100,0,0
Megaelosia_lutzae,2.3832405639017,1.66064923234817,0.343554042183939,0.37903728936959,69.7,14.4,15.9
Megaelosia_massarti,2.60642461837236,2.5671083490113,0.0113685261273223,0.0279477432337398,98.5,0.4,1.1
Megaelosia_bocainensis,0.826452570119886,0.782364988426078,0.000679948469104294,0.043407633224704,94.7,0.1,5.3
Paratelmatobius_mantiqueira,0.971219403054371,0.668763178660337,0.082767136387756,0.219689088006277,68.9,8.5,22.6
Paratelmatobius_poecilogaster,2.60642461837236,2.5671083490113,0.0113685261273223,0.0279477432337398,98.5,0.4,1.1
Physalaemus_atlanticus,4.50474452236658,4.50474452236658,0,0,100,0,0
Physalaemus_jordanensis,1.53956308689187,1.01115663648831,0.118571978247071,0.409834472156489,65.7,7.7,26.6
Proceratophrys_palustris,1.61892433264427,1.43537661642451,0.000903980178457069,0.182643736041295,88.7,0.1,11.3
Aplastodiscus_eugenioi,2.3671252880522,0.429279328220674,0.161570998894837,1.77627496093669,18.1,6.8,75
Hypsiboas_latistriatus,6.53078190834256,5.65473729927327,0.370001421073386,0.506043187995909,86.6,5.7,7.7
Adenomera_ajurauna,2.61325404830969,1.84740455143849,0.211346998874515,0.554502497996688,70.7,8.1,21.2
Leptodactylus_cupreus,3.75788083378536,3.44279979527375,0.151838336669549,0.16324270184206,91.6,4,4.3
Melanophryniscus_peritus,0.971219403054371,0.668763178660337,0.082767136387756,0.219689088006277,68.9,8.5,22.6
Scinax_insperatus,1.1501300810497,1.06253529997841,0.0456950470308703,0.041899734040422,92.4,4,3.6
Dendropsophus_bromeliaceus,2.50738344221475,2.34637184438599,0.0162476065940112,0.14476399123475,93.6,0.6,5.8
Crossodactylus_timbuhy,2.99568210558799,1.72632570551225,0.150627528277387,1.11872887179835,57.6,5,37.3
Ischnocnema_abdita,2.85527431708989,1.4308693629815,0.000317236592348091,1.42408771751605,50.1,0,49.9
Hylodes_vanzolinii,2.2084623238508,2.09284309550297,0.0692135176762634,0.0464057106715674,94.8,3.1,2.1
Dendropsophus_ruschii,6.91272645190281,6.09615698621888,0.661029130859002,0.155540334824926,88.2,9.6,2.3
Scinax_heyeri,2.99568210558799,1.72632570551225,0.150627528277387,1.11872887179835,57.6,5,37.3
Scinax_kautskyi,4.47885974020978,2.062330087991,1.07323925003603,1.34329040218276,46,24,30
Scinax_v.signatus,3.1065241153498,1.3546986476558,0.402695583521587,1.34912988417241,43.6,13,43.4
Crossodactylodes_bokermanni,2.32929045476432,0.897974048286154,0.0537290295377068,1.37758737694046,38.6,2.3,59.1
Hylodes_babax,1.73805687625198,1.51242555724394,0.123784709878683,0.101846609129352,87,7.1,5.9
Proceratophrys_moehringi,4.03126979150188,1.77096983635015,0.801853116855632,1.4584468382961,43.9,19.9,36.2
Proceratophrys_phyllostoma,1.03728435558375,0.732527667151799,0.0196642474511438,0.285092440980808,70.6,1.9,27.5
Bokermannohyla_caramaschii,3.4362630210114,1.29686003725732,0.162012888111317,1.97739009564276,37.7,4.7,57.5
Holoaden_pholeter,1.47503507790869,0.725098528849622,0.000129519201322239,0.749807029857742,49.2,0,50.8
Scinax_belloni,1.4535901133908,0.295572734093361,0.0262796486479421,1.1317377306495,20.3,1.8,77.9
Boana_paranaiba,3.48603974259733,3.01783184156369,0.0554453514980035,0.412762549535637,86.6,1.6,11.8
Scinax_centralis,2.57647767755868,2.57647767755868,0,0,100,0,0
Vitreorana_baliomma,6.52093645368573,4.88308994441652,0.424473233473185,1.21337327579603,74.9,6.5,18.6
Phyllodytes_megatympanum,3.83665691013804,3.65276245465847,0.0567979958445295,0.127096459635049,95.2,1.5,3.3
Sphaenorhynchus_botocudo,2.92011261489551,2.68909721416658,0.00471395117962776,0.2263014495493,92.1,0.2,7.7
Bokermannohyla_capra,6.85299505763039,5.01287264532891,0.0867660468063516,1.75335636549512,73.1,1.3,25.6
Ololygon_strigilata,4.70555978409582,4.4606816562808,0.0788367058065801,0.166041422008444,94.8,1.7,3.5
Scinax_juncae,4.69755467272923,3.58386648655329,0.0619449239745862,1.05174326220136,76.3,1.3,22.4
Dendrophryniscus_proboscideus,4.23882684428121,2.95801485276289,0.154340610747099,1.12647138077122,69.8,3.6,26.6
Xenohyla_eugenioi,4.81690085177869,4.21167600883337,0.0418245875408719,0.563400255404449,87.4,0.9,11.7
Hypsiboas_exastis,3.82300850888831,3.58022875914759,0.0562253093208879,0.186554440419832,93.6,1.5,4.9
Aplastodiscus_ibirapitanga,4.40383321658425,3.66044131916727,0.188303341926363,0.555088555490615,83.1,4.3,12.6
Dendropsophus_novaisi,2.82381819291761,2.69454438329085,0.0599497401387641,0.0693240694879914,95.4,2.1,2.5
Aplastodiscus_sibilatus,6.30654859576325,5.23160949226525,0.064534469477919,1.01040463402008,83,1,16
Aplastodiscus_weygoldti,4.19600148409935,3.55063921319911,0.035320187599872,0.610042083300367,84.6,0.8,14.5
Agalychnis_aspera,7.22442798619558,6.34831801571135,0.54281176677905,0.333298203705185,87.9,7.5,4.6
Phyllodytes_melanomystax,7.73435318142915,5.99018305228844,0.460972664532934,1.28319746460778,77.4,6,16.6
Phyllodytes_tuberculosus,4.97087924547312,4.43820377259663,0.00353586561529753,0.529139607261194,89.3,0.1,10.6
Sphaenorhynchus_bromelicola,5.22142179366171,5.22142179366171,0,0,100,0,0
Adelophryne_pachydactyla,5.95127289205896,4.81635496134376,0.0697562806644069,1.0651616500508,80.9,1.2,17.9
Cycloramphus_migueli,3.83665691013804,3.65276245465847,0.0567979958445295,0.127096459635049,95.2,1.5,3.3
Eleutherodactylus_bilineatus,5.92694178436656,4.49443491744233,0.299526410959494,1.13298045596474,75.8,5.1,19.1
Pristimantis_paulodutrai,5.90001266530155,4.43347954038898,0.359172104735142,1.10736102017743,75.1,6.1,18.8
Pristimantis_vinhai,5.92472555417449,4.31469439577432,0.301807507852673,1.3082236505475,72.8,5.1,22.1
Leptodactylus_hylodes,9.54577056210563,9.54577056210563,0,0,100,0,0
Leptodactylus_viridis,4.12295931476512,3.49623702077403,0.0865253666532816,0.540196927337808,84.8,2.1,13.1
Chiasmocleis_cordeiroi,4.70573052485477,4.70573052485477,0,0,100,0,0
Chiasmocleis_crucis,4.70573052485477,4.70573052485477,0,0,100,0,0
Phyllodytes_wuchereri,4.89628841759346,4.34160431599372,0.0812173456539716,0.473466755945771,88.7,1.7,9.7
Physalaemus_erikae,5.11343173309266,3.89267786307148,0.431040330803737,0.789713539217435,76.1,8.4,15.4
Phyllodytes_maculosus,5.49707786232741,3.88095272820556,0.269321621552135,1.34680351256972,70.6,4.9,24.5
Frostius_erythrophthalmus,5.324586886075,4.05672212562384,0.0504052785864553,1.2174594818647,76.2,0.9,22.9
Crossodactylus_cyclospinus,5.0355229906832,4.85768090100682,0.118499667148022,0.0593424225283617,96.5,2.4,1.2
Phasmahyla_timbo,6.02017903264,5.25144629739758,0.00160159414214626,0.767131141100277,87.2,0,12.7
Phasmahyla_spectabilis,3.17995422776368,2.56659613030705,0.0947506148414425,0.518607482615188,80.7,3,16.3
Dendropsophus_studerae,4.06754552846017,3.92164744500858,0.0274680268776507,0.118430056573941,96.4,0.7,2.9
Agalychnis_granulosa,8.32333455098926,6.36864113816111,0.551502861978608,1.40319055084954,76.5,6.6,16.9
Phyllodytes_edelmoi,6.32722762245819,5.31777328066835,0.328394167127234,0.68106017466261,84,5.2,10.8
Phyllodytes_gyrinaethes,4.60892148634537,3.64525537358068,0.0232467156441009,0.940419397120583,79.1,0.5,20.4
Physalaemus_caete,9.15807669337182,8.51184194730195,0.521991139090194,0.124243606979682,92.9,5.7,1.4
Scinax_skuki,13.6788240157561,13.2071680617353,0.290128447608967,0.181527506411841,96.6,2.1,1.3
Ameerega_picta,2.8022714168255,2.75369907538908,0.0167479383941814,0.0318244030422442,98.3,0.6,1.1
Rhinella_arenarum,6.16842706655306,4.21265130845933,0.392662389974952,1.56311336811878,68.3,6.4,25.3
Rhinella_dorbignyi,6.75501651696953,6.07032375765694,0.0333927162701486,0.651300043042445,89.9,0.5,9.6
Hypsiboas_pulchellus,6.37015433550037,5.15205452956683,0.242153049521576,0.975946756411962,80.9,3.8,15.3
Leptodactylus_mystacinus,3.8419088361631,0.00527133553378541,1.4183147492382,2.41832275139111,0.1,36.9,62.9
Leptodactylus_latrans,4,1.67546875278688e-33,1.11845632955057,2.88154367044943,0,28,72
Odontophrynus_americanus,3.79663940789435,0.0440499647316632,1.4383765238488,2.31421291931389,1.2,37.9,61
Odontophrynus_maisuma,5.77235228430839,3.65475913251817,0.285803995460152,1.83178915633007,63.3,5,31.7
Rhinella_mirandaribeiroi,2.61232613573458,1.51026738112913,0.22760471797906,0.874454036626389,57.8,8.7,33.5
Aplastodiscus_perviridis,3.53221705814963,0.529931169942195,1.64736924078526,1.35491664742218,15,46.6,38.4
Sphaenorhynchus_surdus,6.36426033871679,5.14361852512353,0.34650074776447,0.874141065828793,80.8,5.4,13.7
Melanophryniscus_tumifrons,6.90940782162054,5.88446369439947,0.181115619412236,0.843828507808836,85.2,2.6,12.2
Rhinella_fernandezae,6.72359557313453,5.32274758897372,0.394664794288143,1.00618318987266,79.2,5.9,15
Rhinella_granulosa,4.14592022125335,0.00934535936615171,0.726913674963316,3.40966118692388,0.2,17.5,82.2
Rhinella_icterica,3.71512686024896,0.131403526127562,1.27478686249827,2.30893647162313,3.5,34.3,62.1
Rhinella_schneideri,4,1.67546875278688e-33,1.11845632955057,2.88154367044943,0,28,72
Melanophryniscus_atroluteus,6.83425298506614,6.14733170843873,0.0449699212674971,0.641951355359916,89.9,0.7,9.4
Vitreorana_uranoscopa,3.69733946082813,0.353878297491567,1.48757072506434,1.85589043827223,9.6,40.2,50.2
Hypsiboas_albopunctatus,3.40462592599203,0.0474988260298059,0.450999033571421,2.9061280663908,1.4,13.2,85.4
Hypsiboas_caingua,3.57437715792869,1.86701941582403,1.11558626540672,0.591771476697931,52.2,31.2,16.6
Hypsiboas_crepitans,3.66818360408321,0.245140618198228,1.55514321395529,1.86789977192969,6.7,42.4,50.9
Dendropsophus_elianeae,1.01491221504585,0.567854315172711,0.10205827737401,0.344999622499129,56,10.1,34
Hypsiboas_faber,4.10060661009544,0.0029425634419592,0.385105916243433,3.71255813041005,0.1,9.4,90.5
Hypsiboas_geographicus,3.5952915700565,0.484500182644283,1.19637904314848,1.91441234426374,13.5,33.3,53.2
Hypsiboas_guentheri,5.58577791155519,3.29849148560002,0.552464131044044,1.73482229491113,59.1,9.9,31.1
Scinax_uruguayus,6.37484306464762,5.44181817148938,0.248280778605267,0.684744114552978,85.4,3.9,10.7
Hypsiboas_leptolineatus,6.91626092674299,5.97401882640457,0.155512635230966,0.786729465107462,86.4,2.2,11.4
Dendropsophus_microps,4.32596262079289,0.284132949646937,1.73131274534943,2.31051692579653,6.6,40,53.4
Dendropsophus_nanus,3.41240513830103,0.0384714320962316,0.51361057445613,2.86032313174867,1.1,15.1,83.8
Dendropsophus_minutus,4,1.67546875278688e-33,1.11845632955057,2.88154367044943,0,28,72
Hypsiboas_punctatus,3.41734269554492,0.752829086884132,0.905389740978123,1.75912386768266,22,26.5,51.5
Hypsiboas_raniceps,2.21252575862097,0.14299200874548,0.172040646473987,1.8974931034015,6.5,7.8,85.8
Dendropsophus_rubicundulus,1.94138051292064,1.07530057499279,0.277022207027867,0.58905773089998,55.4,14.3,30.3
Dendropsophus_sanborni,4.68832961743173,2.94154766473598,0.813148225536725,0.933633727159025,62.7,17.3,19.9
Lysapsus_limellum,4.14644329864621,2.46851703319148,0.724706366208254,0.953219899246475,59.5,17.5,23
Itapotihyla_langsdorffii,3.84144822196132,0.251513701561528,1.10921326568001,2.48072125471979,6.5,28.9,64.6
Trachycephalus_imitatrix,4.51377710953945,2.4844423388232,0.96201442922157,1.06732034149468,55,21.3,23.6
Trachycephalus_typhonius,3.23324419362465,0.537086690493848,1.43222428797077,1.26393321516003,16.6,44.3,39.1
Pithecopus_hypochondrialis,3.15361242714968,0.542959151974061,1.04162456488186,1.56902871029376,17.2,33,49.8
Phyllomedusa_iheringii,6.51033617868346,6.39394940360754,0.0255088712744702,0.0908779038014492,98.2,0.4,1.4
Phyllomedusa_sauvagii,1.28990500114839,0.918338976329982,0.0352296361015791,0.336336388716827,71.2,2.7,26.1
Phyllomedusa_tetraploidea,2.88325787350537,0.568676703673091,1.30881426433726,1.00576690549503,19.7,45.4,34.9
Pseudis_paradoxa,1.74852986736625,0.639780787966172,0.0910038250863578,1.01774525431372,36.6,5.2,58.2
Pseudis_minuta,6.37633320558632,5.08891012490149,0.283377341831531,1.00404573885329,79.8,4.4,15.7
Scinax_acuminatus,1.25665995152818,0.956545314055006,0.0289222323120406,0.271192405161134,76.1,2.3,21.6
Scinax_berthae,4.47712334559616,2.76125879904493,0.753860664346662,0.962003882204567,61.7,16.8,21.5
Scinax_fuscomarginatus,3.24360049194423,0.0917025908145732,1.67808567048731,1.47381223064234,2.8,51.7,45.4
Scinax_fuscovarius,3.70376309598914,0.0340871424182267,1.47271609001529,2.19695986355562,0.9,39.8,59.3
Scinax_granulatus,5.52561505755373,3.99287465826054,0.452528469813311,1.08021192947988,72.3,8.2,19.5
Scinax_nasicus,2.53683521598736,0.231422737999186,0.217569415561469,2.08784306242671,9.1,8.6,82.3
Scinax_perereca,4.99054165736175,3.09492946872543,0.743974739090107,1.15163744954621,62,14.9,23.1
Scinax_squalirostris,3.70573055779435,0.0729654828180676,1.3214537886587,2.31131128631758,2,35.7,62.4
Scinax_x.signatus,3.45860021012908,0.321689825590816,1.36156726277505,1.77534312176321,9.3,39.4,51.3
Adenomera_diptyx,3.25535282032718,2.47595408633795,0.392684486188878,0.386714247800347,76.1,12.1,11.9
Adenomera_hylaedactyla,6.68799246394832,4.15178843941992,0.500322825619203,2.0358811989092,62.1,7.5,30.4
Ischnocnema_guentheri,3.68067702301234,0.532224833429385,1.03588308731806,2.1125691022649,14.5,28.1,57.4
Leptodactylus_elenae,2.28255407347861,1.39242604527709,0.199772803017529,0.690355225183988,61,8.8,30.2
Leptodactylus_chaquensis,2.42887605656766,1.18019624081435,0.280186426991822,0.96849338876149,48.6,11.5,39.9
Leptodactylus_furnarius,2.55667026967498,0.540996119629805,0.515338798387044,1.50033535165813,21.2,20.2,58.7
Leptodactylus_fuscus,4,1.67546875278688e-33,1.11845632955057,2.88154367044943,0,28,72
Leptodactylus_gracilis,4.81222772719379,2.95889773224107,0.819281061125333,1.03404893382738,61.5,17,21.5
Leptodactylus_labyrinthicus,2.22358937751835,0.284048950530229,0.556315708917924,1.3832247180702,12.8,25,62.2
Leptodactylus_latinasus,7.09388704303772,6.84349868331,0.00675752740577673,0.243630832321939,96.5,0.1,3.4
Leptodactylus_plaumanni,6.12473161059506,5.01642226845439,0.231807511075086,0.876501831065586,81.9,3.8,14.3
Leptodactylus_podicipinus,2.12140707875601,0.391499772041532,0.125974815443464,1.60393249127101,18.5,5.9,75.6
Leptodactylus_syphax,3.47024515742593,1.38331150728715,0.551058228037874,1.53587542210091,39.9,15.9,44.3
Limnomedusa_macroglossa,6.1600803440738,5.21285897663273,0.174075074216191,0.773146293224879,84.6,2.8,12.6
Physalaemus_nattereri,2.2606545697831,0.710422773666443,0.569587444126563,0.980644351990095,31.4,25.2,43.4
Physalaemus_albonotatus,1.57118679477178,1.04640123302763,0.0624788711060083,0.46230669063814,66.6,4,29.4
Physalaemus_biligonigerus,5.28495604866372,3.90688628528148,0.518724601072755,0.859345162309489,73.9,9.8,16.3
Physalaemus_centralis,1.94069940026557,0.564928704681476,0.417514929172411,0.958255766411679,29.1,21.5,49.4
Physalaemus_cuvieri,4,1.67546875278688e-33,1.11845632955057,2.88154367044943,0,28,72
Physalaemus_marmoratus,2.77127387333732,0.790626577587037,0.696765042101187,1.2838822536491,28.5,25.1,46.3
Physalaemus_gracilis,5.65799336963379,4.37923662467199,0.330954524421564,0.947802220540228,77.4,5.8,16.8
Physalaemus_henselii,6.87076751492969,5.88046433027067,0.143981961968769,0.846321222690255,85.6,2.1,12.3
Physalaemus_riograndensis,6.10628340462337,4.47868630168309,0.357205048340017,1.27039205460026,73.3,5.8,20.8
Pleurodema_bibroni,6.85407031521047,6.18235482296394,0.0460389579071439,0.625676534339392,90.2,0.7,9.1
Proceratophrys_avelinoi,3.74766676687394,2.1183305075751,0.773054888318753,0.856281370980086,56.5,20.6,22.8
Proceratophrys_bigibbosa,7.09310606106199,6.21829481027058,0.0982634440721747,0.776547806719233,87.7,1.4,10.9
Pseudopaludicola_falcipes,3.67275276204082,0.713073934353065,1.72665958661947,1.23301924106828,19.4,47,33.6
Pseudopaludicola_mystacalis,3.51737512086266,0.071191734140266,0.924236873245316,2.52194651347708,2,26.3,71.7
Pseudopaludicola_saltica,2.09516033408118,0.830970376203339,0.28581169207972,0.978378265798125,39.7,13.6,46.7
Chiasmocleis_albopunctata,1.85934308168397,0.867586960839,0.359195111652235,0.632561009192732,46.7,19.3,34
Dermatonotus_muelleri,2.58461169305623,0.483781383703016,0.940292913992622,1.16053739536059,18.7,36.4,44.9
Elachistocleis_bicolor,5.00553712045505,3.32447928983485,0.650986767741577,1.03007106287863,66.4,13,20.6
Elachistocleis_ovalis,3.42435269113227,0.568817095489873,1.04076623793391,1.81476935770849,16.6,30.4,53
Rhinella_henseli,6.72420752894767,5.82795613968699,0.193873956168741,0.702377433091938,86.7,2.9,10.4
Rhinella_achavali,6.3329316397571,6.07344691327134,0.0196182567075296,0.239866469778235,95.9,0.3,3.8
Pithecopus_azureus,1.87648095408218,0.761901118859409,0.0590802965545718,1.0554995386682,40.6,3.1,56.2
Ischnocnema_henselii,5.04727022664668,3.47427830862703,0.370191220638767,1.20280069738088,68.8,7.3,23.8
Pseudis_platensis,3.39249988165981,1.57259933556644,0.84211338396535,0.977787162128019,46.4,24.8,28.8
Rhinella_cerradensis,2.39147726009656,1.43535540511487,0.301760363060775,0.65436149192092,60,12.6,27.4
Trachycephalus_dibernardoi,7.09114613709877,5.52317518649166,0.280265166948954,1.28770578365815,77.9,4,18.2
Hypsiboas_stellae,6.45322838111138,6.23430778191406,0.00929098549071253,0.209629613706603,96.6,0.1,3.2
Scinax_tymbamirim,5.27970557784012,2.57693787073881,0.648973612023311,2.05379409507801,48.8,12.3,38.9
Scinax_catharinae,4.95878138954827,2.70831656682807,0.493630346194006,1.75683447652619,54.6,10,35.4
Physalaemus_lisei,6.6895688861739,5.32907173646782,0.433588746921594,0.926908402784482,79.7,6.5,13.9
Dendrophryniscus_berthalutzae,4.970811726158,3.47379805647742,0.410759063225034,1.08625460645554,69.9,8.3,21.9
Melanophryniscus_dorsalis,4.85406201984905,2.87361025301547,0.285694547102411,1.69475721973117,59.2,5.9,34.9
Vitreorana_eurygnatha,3.57868266448659,0.221167480634092,0.435870487854238,2.92164469599826,6.2,12.2,81.6
Hypsiboas_bischoffi,4.27559029586299,2.03005567755809,0.941844126099537,1.30369049220536,47.5,22,30.5
Hypsiboas_marginatus,7.97148489961587,6.85663653674555,0.404301503596328,0.71054685927399,86,5.1,8.9
Hypsiboas_prasinus,3.38789817762461,1.16919297763039,1.01514523914684,1.20355996084738,34.5,30,35.5
Bokermannohyla_hylax,4.03922616709194,1.59519669325969,0.808747141383498,1.63528233244875,39.5,20,40.5
Hypsiboas_joaquini,7.97051250835963,6.86305576361961,0.361554497175817,0.745902247564198,86.1,4.5,9.4
Trachycephalus_mesophaeus,4.34183538729492,0.392198395690728,1.31643437956018,2.63320261204402,9,30.3,60.6
Phrynomedusa_appendiculata,5.00694386043279,3.35456012460181,0.15761871505421,1.49476502077677,67,3.1,29.9
Phyllomedusa_distincta,3.98995820843699,1.53668302055073,0.845506936673656,1.6077682512126,38.5,21.2,40.3
Pseudis_cardosoi,8.05763566179789,6.82161270185198,0.407839211052438,0.828183748893463,84.7,5.1,10.3
Scinax_alter,4.87687549886048,0.391184925544016,1.5884292429919,2.89726133032456,8,32.6,59.4
Scinax_rizibilis,3.75819996357269,1.69966462301143,0.712500862337578,1.34603447822368,45.2,19,35.8
Adenomera_araucaria,8.6146011367973,7.80947432559612,0.423717223385192,0.381409587815991,90.7,4.9,4.4
Ceratophrys_aurita,4.03650655310389,0.234031397163764,0.997741761675553,2.80473339426457,5.8,24.7,69.5
Cycloramphus_valae,7.30675633197704,5.2054049164871,0.614990012678593,1.48636140281135,71.2,8.4,20.3
Haddadus_binotatus,3.4090836250454,0.276783594780045,0.827337506334639,2.30496252393071,8.1,24.3,67.6
Physalaemus_nanus,5.57349519955272,3.82224280585693,0.521565526034505,1.22968686766128,68.6,9.4,22.1
Physalaemus_olfersii,2.95263956406719,0.346741836771911,0.477003613912301,2.12889411338298,11.7,16.2,72.1
Proceratophrys_boiei,4.09583948509923,0.491162262173729,1.09342842550925,2.51124879741626,12,26.7,61.3
Proceratophrys_brauni,7.12630750511722,6.41819011793505,0.243924771778522,0.46419261540365,90.1,3.4,6.5
Proceratophrys_subguttata,4.60410153080431,2.98828550398396,0.488313690906758,1.12750233591359,64.9,10.6,24.5
Thoropa_saxatilis,7.38790494357818,5.51554698421113,0.544782736741354,1.3275752226257,74.7,7.4,18
Elachistocleis_erythrogaster,8.6146011367973,7.80947432559612,0.423717223385192,0.381409587815991,90.7,4.9,4.4
Rhinella_abei,5.43451581769613,3.39968623675765,0.534546275538095,1.50028330540038,62.6,9.8,27.6
Physalaemus_lateristriga,3.9370080887687,1.84747543725617,0.648386131682954,1.44114651982958,46.9,16.5,36.6
Scinax_caissara,6.91505836393044,5.40571694497535,1.35341972466004,0.155921694295049,78.2,19.6,2.3
Scinax_imbegue,4.57345676879141,3.04997327669875,0.64528195320579,0.878201538886874,66.7,14.1,19.2
Brachycephalus_hermogenesi,2.72823403486439,0.880882283652013,0.790385211557553,1.05696653965482,32.3,29,38.7
Dendrophryniscus_leucomystax,3.59438756500563,1.083761450102,1.10259102423398,1.40803509066965,30.2,30.7,39.2
Fritziana_fissilis,2.94182294250216,0.381186740832856,0.159471074161319,2.40116512750798,13,5.4,81.6
Fritziana_goeldii,2.55348413175682,0.411515940254838,0.231325834408381,1.9106423570936,16.1,9.1,74.8
Gastrotheca_microdiscus,3.19607423143753,0.21903340110725,0.416226310363538,2.56081451996675,6.9,13,80.1
Hypsiboas_albomarginatus,3.96781366873684,0.512055313215512,1.07948533241238,2.37627302310894,12.9,27.2,59.9
Aplastodiscus_albosignatus,3.57686152290852,0.4945800238666,1.32812668717119,1.75415481187074,13.8,37.1,49
Bokermannohyla_astartea,2.58855159245576,0.595854142026341,0.376717257556003,1.61598019287342,23,14.6,62.4
Dendropsophus_baileyi,2.77674542992838,0.735825797461592,0.789514255334123,1.25140537713267,26.5,28.4,45.1
Dendropsophus_berthalutzae,3.7221729026401,0.484639666230557,0.703348249811086,2.53418498659846,13,18.9,68.1
Dendropsophus_decipiens,4.24824974523806,1.08437349157621,0.844621564054058,2.31925468960779,25.5,19.9,54.6
Dendropsophus_elegans,4.25217588233807,0.885879981273272,0.946503396654184,2.41979250441061,20.8,22.3,56.9
Aplastodiscus_leucopygius,2.18169654550469,0.333266643900392,0.4004981615196,1.4479317400847,15.3,18.4,66.4
Bokermannohyla_luctuosa,2.34220616783918,0.872283994214218,0.642907163301378,0.827015010323588,37.2,27.4,35.3
Hypsiboas_pardalis,2.88527093826981,0.665199266062073,0.270649058416883,1.94942261379085,23.1,9.4,67.6
Hypsiboas_semilineatus,4.09271922199937,0.734029325450048,0.955856287093847,2.40283360945547,17.9,23.4,58.7
Dendropsophus_seniculus,3.34426941821062,0.766729014682466,0.505209584143031,2.07233081938513,22.9,15.1,62
Dendropsophus_werneri,3.2192901368867,1.18443399773495,0.689760954509373,1.34509518464238,36.8,21.4,41.8
Scinax_perpusillus,2.68495361209129,0.259747668752443,0.1624811124707,2.26272483086815,9.7,6.1,84.3
Phasmahyla_guttata,2.98409153412443,0.374605119159731,0.539996001996099,2.0694904129686,12.6,18.1,69.4
Phyllomedusa_burmeisteri,3.77330842696446,0.931409052071502,0.651571310820202,2.19032806407276,24.7,17.3,58
Pithecopus_rohdei,2.9214654418196,0.599158311894613,0.268288056441767,2.05401907348322,20.5,9.2,70.3
Scinax_flavoguttatus,3.12291880107431,0.427866206241726,0.375721569546505,2.31933102528608,13.7,12,74.3
Scinax_brieni,2.32915315806568,0.729633345041968,0.646153999628826,0.953365813394886,31.3,27.7,40.9
Scinax_argyreornatus,3.71127363958115,0.375002143281779,1.06723659980123,2.26903489649815,10.1,28.8,61.1
Scinax_hayii,2.91763035209976,0.298375006933717,0.383672636621716,2.23558270854433,10.2,13.2,76.6
Scinax_hiemalis,1.52397041834877,0.210262300470743,0.215260714874468,1.09844740300356,13.8,14.1,72.1
Scinax_littoralis,4.7490197320298,2.71940491128026,0.991335202308119,1.03827961844143,57.3,20.9,21.9
Scinax_obtriangulatus,2.11004395393537,0.522490559985706,0.446517948749723,1.14103544519994,24.8,21.2,54.1
Trachycephalus_nigromaculatus,2.89758591706862,0.919308062784186,0.347716581778302,1.63056127250613,31.7,12,56.3
Adenomera_bokermanni,2.85201830431059,0.605488955904954,0.472316754821159,1.77421259358448,21.2,16.6,62.2
Adenomera_marmorata,2.68591699643015,0.457345482062635,0.505129790703651,1.72344172366386,17,18.8,64.2
Crossodactylus_aeneus,2.39753203869351,0.248713390956347,0.244458444181913,1.90436020355525,10.4,10.2,79.4
Crossodactylus_caramaschii,2.86354335135794,0.911590819904034,1.02094846809185,0.931004063362056,31.8,35.7,32.5
Cycloramphus_eleutherodactylus,2.50676514787088,0.746754848703022,0.297271496236098,1.46273880293176,29.8,11.9,58.4
Cycloramphus_izecksohni,3.84850069552395,2.62407350689051,0.259457764723124,0.964969423910318,68.2,6.7,25.1
Cycloramphus_lutzorum,3.5107592840302,1.05512319447076,1.23156940634911,1.22406668321032,30.1,35.1,34.9
Ischnocnema_lactea,2.62575212299691,0.753899031303745,0.280185179017514,1.59166791267565,28.7,10.7,60.6
Ischnocnema_nasuta,2.79506504654536,0.802525526120612,0.386118349364985,1.60642117105976,28.7,13.8,57.5
Hylodes_asper,3.20776787522821,0.361893431715001,1.05938773518996,1.78648670832325,11.3,33,55.7
Hylodes_phyllodes,2.63883327718771,0.7872305365991,0.783241278731335,1.06836146185727,29.8,29.7,40.5
Hylodes_nasus,3.06893892205376,0.278472156847448,0.774170764668078,2.01629600053823,9.1,25.2,65.7
Leptodactylus_flavopictus,3.46147113667023,0.531985385468182,0.85804143550262,2.07144431569942,15.4,24.8,59.8
Leptodactylus_notoaktites,2.90254598009874,0.828269725785135,0.669836096114772,1.40444015819884,28.5,23.1,48.4
Macrogenioglottus_alipioi,4.28166410361655,1.09778628478106,1.39738947158103,1.78648834725447,25.6,32.6,41.7
Megaelosia_goeldii,1.87642609384623,0.28240239767264,0.159895684269242,1.43412801190435,15.1,8.5,76.4
Physalaemus_maculiventris,2.64355377298723,0.257233209429059,0.745405732529372,1.6409148310288,9.7,28.2,62.1
Physalaemus_spiniger,4.17538121610866,2.20399110815963,0.989285610976015,0.982104496973013,52.8,23.7,23.5
Proceratophrys_appendiculata,3.17926253780255,0.344141654782376,0.299031545602594,2.53608933741758,10.8,9.4,79.8
Chiasmocleis_leucosticta,3.16266252488521,0.800641676779719,0.901377958829768,1.46064288927572,25.3,28.5,46.2
Rhinella_ornata,1.9304082909414,0.178333248087541,0.218370146100394,1.53370489675347,9.2,11.3,79.4
Cycloramphus_acangatan,2.73979889051891,1.4041166530177,0.740245156191416,0.595437081309798,51.2,27,21.7
Rhinella_hoogmoedi,4.93729231531607,1.64929306018105,1.61590162691726,1.67209762821776,33.4,32.7,33.9
Sphaenorhynchus_caramaschii,3.48170908452792,1.34981494055034,0.853732663539879,1.2781614804377,38.8,24.5,36.7
Proceratophrys_pombali,2.50164122521927,1.60746278354635,0.303529084531389,0.590649357141531,64.3,12.1,23.6
Thoropa_taophora,3.90461495152325,2.60143856691514,0.192121182630872,1.11105520197724,66.6,4.9,28.5
Fritziana_ohausi,2.76421742698843,0.420796419411988,0.207047996763047,2.13637301081339,15.2,7.5,77.3
Aplastodiscus_arildae,2.81267125854759,0.794152092662603,0.251551657333039,1.76696750855194,28.2,8.9,62.8
Phrynomedusa_vanzolinii,1.98783914894919,0.286725556654697,0.124623583019525,1.57649000927497,14.4,6.3,79.3
Cycloramphus_semipalmatus,2.14338946724955,0.480153040485824,0.522842069034726,1.140394357729,22.4,24.4,53.2
Ischnocnema_bolbodactyla,2.36809632195946,0.443379422778791,0.583389752848382,1.34132714633229,18.7,24.6,56.6
Ischnocnema_parva,2.84218527535586,0.594602350849105,0.161009917756209,2.08657300675055,20.9,5.7,73.4
Physalaemus_moreirae,2.61325404830969,1.84740455143849,0.211346998874515,0.554502497996688,70.7,8.1,21.2
Thoropa_miliaris,3.80796372035357,1.09561764293685,0.547934581877299,2.16441149553943,28.8,14.4,56.8
Myersiella_microps,2.93800948164313,0.545124646598659,0.304608900136421,2.08827593490805,18.6,10.4,71.1
Elachistocleis_cesarii,2.23259984859864,1.04039985911125,0.229256576374483,0.962943413112907,46.6,10.3,43.1
Pseudopaludicola_atragula,2.70083896390964,2.59944831807877,0.0372954643831134,0.06409518144775,96.2,1.4,2.4
Pseudopaludicola_murundu,2.42442517012283,1.8554090580544,0.0791178756378507,0.489898236430586,76.5,3.3,20.2
Rhinella_rubescens,3.40554680243628,1.79784636968026,0.274296745364233,1.33340368739179,52.8,8.1,39.2
Ameerega_flavopicta,2.98816200498517,2.14181590580601,0.0339821447799296,0.812363954399235,71.7,1.1,27.2
Hypsiboas_lundii,2.36912425472485,1.0716455583634,0.314944023043678,0.982534673317772,45.2,13.3,41.5
Hypsiboas_goianus,3.39021763006544,3.01971939800414,0.0298295233376896,0.340668708723616,89.1,0.9,10
Dendropsophus_jimi,1.11929402781059,0.439901376866968,0.129795485290713,0.549597165652905,39.3,11.6,49.1
Bokermannohyla_sazimai,1.87153653956618,1.87153653956618,0,0,100,0,0
Pseudis_bolbodactyla,3.60088275100187,1.82719419110299,0.246426963626195,1.52726159627269,50.7,6.8,42.4
Barycholos_ternetzi,3.4816016027443,3.06022824186938,0.0419735863273757,0.379399774547549,87.9,1.2,10.9
Ischnocnema_juipoca,2.41618960458525,1.25027329724923,0.174390573219708,0.991525734116315,51.7,7.2,41
Odontophrynus_cultripes,2.73621154260166,1.83042553240691,0.0388705688287242,0.86691544136603,66.9,1.4,31.7
Ischnocnema_penaxavantinho,2.66883973376815,1.60788159452091,0.0531452050604499,1.00781293418679,60.2,2,37.8
Leptodactylus_sertanejo,3.3017738282189,2.37085535276856,0.044690906927579,0.886227568522767,71.8,1.4,26.8
Physalaemus_feioi,2.76385021680321,1.57545120113922,0.0829023747213809,1.10549664094261,57,3,40
Physalaemus_orophilus,3.863557479284,2.60064173211947,0.0387367079527349,1.22417903921179,67.3,1,31.7
Stereocyclops_palmipes,2.06970480950092,1.60472199867964,0.019476233993812,0.445506576827468,77.5,0.9,21.5
Ololygon_tripui,2.93586228621309,1.18299373911952,0.139978475529772,1.6128900715638,40.3,4.8,54.9
Ololygon_cosenzai,2.51704863928615,1.62334730843023,0.0329581564133667,0.860743174442555,64.5,1.3,34.2
Scinax_rogerioi,3.94397682795132,3.15795908555113,0.233712585008525,0.552305157391666,80.1,5.9,14
Crossodactylus_fransciscanus,3.221506832273,2.57082104337752,0.0594886669839304,0.591197121911552,79.8,1.8,18.4
Proceratophrys_mantiqueira,2.66870712221774,1.53091056934831,0.0268904552942812,1.11090609757514,57.4,1,41.6
Ischnocnema_surda,3.53750781624409,2.4407036940044,0.0323835449544988,1.06442057728519,69,0.9,30.1
Sphaenorhynchus_planicola,3.9662810420646,2.14290206112459,0.79838076081888,1.02499822012113,54,20.1,25.8
Hypsiboas_secedens,3.8047785387208,2.46045703760091,0.47311208440696,0.871209416712935,64.7,12.4,22.9
Scinax_longilineus,2.59403826917382,1.96666238199747,0.0620833007711284,0.565292586405224,75.8,2.4,21.8
Chiasmocleis_carvalhoi,5.04384548322376,2.02206774398374,2.09342829445992,0.928349444780091,40.1,41.5,18.4
Scinax_carnevallii,2.71567861833325,1.76783728849002,0.0349797382596729,0.91286159158356,65.1,1.3,33.6
Scinax_luizotavioi,2.58103643305145,1.93219616908231,0.04983045882808,0.599009805141057,74.9,1.9,23.2
Scinax_machadoi,2.73486900592213,2.08184975510283,0.0617091350982475,0.59131011572105,76.1,2.3,21.6
Scinax_crospedospilus,2.02243437273022,0.588034760291453,0.257966213855391,1.17643339858338,29.1,12.8,58.2
Scinax_cuspidatus,3.81874377231157,1.21094057343115,0.734890821033629,1.8729123778468,31.7,19.2,49
Scinax_eurydice,4.73706287590943,2.08584062428689,0.60525292650109,2.04596932512145,44,12.8,43.2
Ischnocnema_verrucosa,2.87057065571832,1.15955959522902,0.131930347512252,1.57908071297704,40.4,4.6,55
Thoropa_lutzi,2.00172588191303,0.737263489857303,0.155037124169844,1.10942526788588,36.8,7.7,55.4
Thoropa_petropolitana,2.9266777003515,0.39623340144045,0.196450686224039,2.33399361268701,13.5,6.7,79.7
Physalaemus_maximus,3.54797177353176,2.29950643052629,0.0470007922789682,1.2014645507265,64.8,1.3,33.9
Rhinella_margaritifera,4.73763900424881,1.93444202487555,0.548849375906554,2.2543476034667,40.8,11.6,47.6
Gastrotheca_albolineata,2.60134736460958,1.0189589364797,0.289635522973804,1.29275290515608,39.2,11.1,49.7
Brachycephalus_didactylus,2.51903261050095,0.893999293429515,0.2462700126896,1.37876330438183,35.5,9.8,54.7
Brachycephalus_ephippium,3.67521409631152,1.01321654437728,1.04747334277625,1.614524209158,27.6,28.5,43.9
Rhinella_pygmaea,3.31676681043284,1.55120402690051,0.5146833974286,1.25087938610373,46.8,15.5,37.7
Dendrophryniscus_brevipollicatus,2.77832327222441,0.351894201739784,0.250738015214893,2.17569105526973,12.7,9,78.3
Allobates_olfersioides,4.6258861458207,1.84800167863289,0.940656145967867,1.83722832121994,39.9,20.3,39.7
Dendropsophus_branneri,5.13282367417324,2.53766323381863,0.421484454770684,2.17367598558392,49.4,8.2,42.3
Aparasphenodon_brunoi,3.59521605045626,1.07889609897875,0.450704860333242,2.06561509114427,30,12.5,57.5
Aplastodiscus_albofrenatus,2.56108493539733,1.06830465389206,0.256592973001126,1.23618730850415,41.7,10,48.3
Bokermannohyla_alvarengai,4.4342734873711,3.01274034996789,0.177877428055025,1.24365570934818,67.9,4,28
Dendropsophus_anceps,3.81712880526737,1.50353895087049,0.526666335061879,1.786923519335,39.4,13.8,46.8
Dendropsophus_bipunctatus,5.42080825280576,3.1965764264188,0.844788981712736,1.37944284467423,59,15.6,25.4
Bokermannohyla_carvalhoi,2.1519452276273,1.04338465870697,0.301471009239322,0.807089559681006,48.5,14,37.5
Aplastodiscus_cavicola,2.48977526212694,1.169000771328,0.210388070504388,1.11038642029455,47,8.5,44.6
Hypsiboas_cipoensis,2.84232291732072,2.73899559515661,0.0035080819010185,0.0998192402630943,96.4,0.1,3.5
Bokermannohyla_circumdata,2.23875307965771,0.876719635625678,0.37883799719219,0.983195446839846,39.2,16.9,43.9
Bokermannohyla_claresignata,1.30625663912293,0.791786696529131,0.0433382151284352,0.471131727465365,60.6,3.3,36.1
Dendropsophus_giesleri,2.95647587007649,0.936147001897421,0.430675901734036,1.58965296644504,31.7,14.6,53.8
Scinax_pinima,2.90801027734933,2.85882875023593,0.00145934419411107,0.0477221829192878,98.3,0.1,1.6
Bokermannohyla_martinsi,3.81772250002595,2.68951838609023,0.0350965791740361,1.09310753476168,70.4,0.9,28.6
Dendropsophus_meridianus,2.8448704422589,1.09912291561647,0.510742749082843,1.23500477755959,38.6,18,43.4
Bokermannohyla_nanuzae,3.98100670187167,2.95354396238084,0.0889414278799348,0.938521311610893,74.2,2.2,23.6
Hypsiboas_polytaenius,2.92381532652642,1.57088085490106,0.166167283950666,1.1867671876747,53.7,5.7,40.6
Dendropsophus_pseudomeridianus,2.8875170857303,1.36108636768553,0.540810707134624,0.985620010910153,47.1,18.7,34.1
Bokermannohyla_saxicola,4.60588940669033,3.19603071028003,0.255049224727349,1.15480947168295,69.4,5.5,25.1
Phasmahyla_jandaia,3.64883791246996,2.68044144931626,0.00788109652291735,0.960515366630781,73.5,0.2,26.3
Phrynomedusa_marginata,3.00972150223574,0.905100104128346,0.508171605087303,1.59644979302009,30.1,16.9,53
Pithecopus_megacephalus,2.71960584621564,2.55128902636859,0.00301873375002616,0.165298086097022,93.8,0.1,6.1
Scinax_albicans,2.56108493539733,1.06830465389206,0.256592973001126,1.23618730850415,41.7,10,48.3
Scinax_caldarum,2.69014730519853,1.79097872838127,0.0744448649341213,0.824723711883142,66.6,2.8,30.7
Scinax_canastrensis,1.87153653956618,1.87153653956618,0,0,100,0,0
Scinax_cardosoi,2.59355058130086,0.680937509199156,0.181257289379753,1.73135578272195,26.3,7,66.8
Scinax_humilis,2.46926618020051,0.723859073104502,0.175113406486964,1.57029370060904,29.3,7.1,63.6
Scinax_littoreus,3.08548822618177,1.2905834805261,0.668003720818062,1.1269010248376,41.8,21.6,36.5
Scinax_similis,2.7826337639212,0.832301631270147,0.466134919838456,1.4841972128126,29.9,16.8,53.3
Scinax_trapicheiroi,2.12412827650732,0.716709968105902,0.172604122292924,1.23481418610849,33.7,8.1,58.1
Sphaenorhynchus_orophilus,2.45605262903741,0.560330944443283,0.32111372280282,1.5746079617913,22.8,13.1,64.1
Sphaenorhynchus_prasinus,4.58757538571367,2.35943326442461,0.247918232832919,1.98022388845614,51.4,5.4,43.2
Xenohyla_truncata,3.33954549401689,1.68638884367786,0.587541179611701,1.06561547072733,50.5,17.6,31.9
Crossodactylus_bokermanni,2.90801027734933,2.85882875023593,0.00145934419411107,0.0477221829192878,98.3,0.1,1.6
Crossodactylus_gaudichaudii,2.62427634183814,0.419462371673233,0.102156526135908,2.102657444029,16,3.9,80.1
Cycloramphus_boraceiensis,2.72173371134545,0.349775857041121,0.146820497715556,2.22513735658877,12.9,5.4,81.8
Cycloramphus_fuliginosus,3.98100024709599,1.84884143712746,0.68947422133729,1.44268458863124,46.4,17.3,36.2
Ischnocnema_erythromera,1.70060349925148,0.584305435181279,0.00405121927412654,1.11224684479607,34.4,0.2,65.4
Ischnocnema_venancioi,1.47172803843614,0.664311503406761,0.0244115305311767,0.783005004498198,45.1,1.7,53.2
Leptodactylus_camaquara,2.84232291732072,2.73899559515661,0.0035080819010185,0.0998192402630943,96.4,0.1,3.5
Euparkerella_brasiliensis,2.23700859983454,0.781004954886383,0.131695016934795,1.32430862801337,34.9,5.9,59.2
Euparkerella_cochranae,2.34880806098571,0.808296652200243,0.242557481375723,1.29795392740974,34.4,10.3,55.3
Hylodes_otavioi,2.90801027734933,2.85882875023593,0.00145934419411107,0.0477221829192878,98.3,0.1,1.6
Hylodes_lateristrigatus,2.85838476194562,0.5649789441216,0.249297618599738,2.04410819922428,19.8,8.7,71.5
Leptodactylus_cunicularius,2.53473847653614,1.880154365596,0.0563957841456115,0.598188326794529,74.2,2.2,23.6
Leptodactylus_natalensis,5.24214797816099,2.71103266638994,0.919478176631926,1.61163713513912,51.7,17.5,30.7
Leptodactylus_spixi,4.70651016467866,1.90984601692336,0.559250835872809,2.23741331188249,40.6,11.9,47.5
Physalaemus_obtectus,3.95939735888149,2.68652800065881,0.174717702212247,1.09815165601043,67.9,4.4,27.7
Physalaemus_deimaticus,2.90801027734933,2.85882875023593,0.00145934419411107,0.0477221829192878,98.3,0.1,1.6
Physalaemus_evangelistai,4.31141129382219,3.05597884813618,0.120451633827553,1.13498081185845,70.9,2.8,26.3
Physalaemus_signifer,3.96228791378376,1.50205675105649,0.931918202618569,1.52831296010871,37.9,23.5,38.6
Proceratophrys_cururu,2.90801027734933,2.85882875023593,0.00145934419411107,0.0477221829192878,98.3,0.1,1.6
Proceratophrys_fryi,2.60602599229299,1.24379713933252,0.174496528094753,1.18773232486572,47.7,6.7,45.6
Pseudopaludicola_mineira,2.90801027734933,2.85882875023593,0.00145934419411107,0.0477221829192878,98.3,0.1,1.6
Proceratophrys_melanopogon,2.46773609749811,0.607370798276392,0.484989557298719,1.375375741923,24.6,19.7,55.7
Proceratophrys_schirchi,4.05935551314549,1.88838186529842,0.790907435142011,1.38006621270506,46.5,19.5,34
Thoropa_megatympanum,3.99131867451045,2.8215427000125,0.0689069241078669,1.10086905039009,70.7,1.7,27.6
Zachaenus_parvulus,1.85641946454579,0.966831956124641,0.16809791238109,0.72148959604006,52.1,9.1,38.9
Chiasmocleis_atlantica,2.43841198994548,0.49557726808405,0.190475066982106,1.75235965487933,20.3,7.8,71.9
Arcovomer_passarellii,3.33029058073018,1.11928656325754,0.768453749420492,1.44255026805215,33.6,23.1,43.3
Stereocyclops_incrassatus,4.16880806225893,1.77269020520211,0.445179624538736,1.95093823251808,42.5,10.7,46.8
Stereocyclops_parkeri,3.04783508914373,1.34458353768687,0.505726255219928,1.19752529623693,44.1,16.6,39.3
Rhinella_pombali,3.09520661235689,1.96658682715708,0.0888862914317001,1.0397334937681,63.5,2.9,33.6
Scinax_curicica,2.5453405900773,2.32387373234746,0.00586481638861338,0.21560204134122,91.3,0.2,8.5
Gastrotheca_ernestoi,1.77180924035534,0.553492507982282,0.126478226270177,1.09183850610289,31.2,7.1,61.6
Gastrotheca_fulvorufa,5.38375575614435,2.7659833039118,1.76670665570065,0.851065796531903,51.4,32.8,15.8
Sphaenorhynchus_pauloalvini,3.85585358957514,2.98712025064569,0.164569173080266,0.704164165849179,77.5,4.3,18.3
Rhinella_crucifer,5.9937482057582,3.74811434626762,0.57787344573147,1.66776041375912,62.5,9.6,27.8
Rhinella_jimi,5.42530746641152,2.95088518325014,0.376981592158571,2.09744069100281,54.4,6.9,38.7
Dendrophryniscus_carvalhoi,2.54701038566984,2.38515730334045,0.00602493632726223,0.155828146002129,93.6,0.2,6.1
Gastrotheca_fissipes,6.01041653863054,3.98466695396596,0.415042725283024,1.61070685938155,66.3,6.9,26.8
Dendropsophus_haddadi,5.42164454573789,3.50482847828379,0.846643943602164,1.07017212385193,64.6,15.6,19.7
Phasmahyla_exilis,3.8871968669284,3.03937818598203,0.180423900315203,0.667394780631174,78.2,4.6,17.2
Phyllodytes_kautskyi,5.08749949559078,3.19946059979851,0.849811986919719,1.03822690887255,62.9,16.7,20.4
Phyllodytes_luteolus,5.78515883932972,3.56896644202578,0.743747071246758,1.47244532605718,61.7,12.9,25.5
Scinax_agilis,4.95879524917293,3.214541608273,0.879293971238477,0.864959669661451,64.8,17.7,17.4
Sphaenorhynchus_palustris,4.98246625585844,3.02031772047802,0.606899157291806,1.35524937808862,60.6,12.2,27.2
Physalaemus_aguirrei,3.89011763493836,2.23905299959414,0.496454734830974,1.15460990051324,57.6,12.8,29.7
Physalaemus_crombiei,4.62263490097907,2.71248978436364,0.687588938328543,1.22255617828688,58.7,14.9,26.4
Proceratophrys_laticeps,4.97906474174205,2.98108432003138,0.789178641092528,1.20880178061814,59.9,15.8,24.3
Chiasmocleis_capixaba,3.70831643591916,2.93069098620792,0.118186751598096,0.65943869811314,79,3.2,17.8
Chiasmocleis_schubarti,4.61668215204311,2.48785552584963,0.276300428341439,1.85252619785204,53.9,6,40.1
Dasypops_schirchi,4.49141877408327,3.66537897860014,0.262115355085076,0.563924440398049,81.6,5.8,12.6
Pipa_carvalhoi,5.6851940542973,3.36741297803607,0.299122312468443,2.01865876379279,59.2,5.3,35.5
Hypsiboas_pombali,5.87410808832633,4.24867954187391,0.391431932066489,1.23399661438593,72.3,6.7,21
Adenomera_thomei,4.45422832303524,2.31454087278229,1.26866183858526,0.871025611667678,52,28.5,19.6
Lithobates_palmipes,6.67094834606494,5.39954746407521,0.241716309021231,1.02968457296849,80.9,3.6,15.4
Leptodactylus_mystaceus,8.13815459754727,6.53831711977599,0.449348059320391,1.1504894184509,80.3,5.5,14.1
Rhinella_ocellata,2.57647767755868,2.57647767755868,0,0,100,0,0
Dendropsophus_cruzi,3.84047839000354,3.67329578908578,0.0553672759923333,0.111815324925421,95.6,1.4,2.9
Pleurodema_alium,6.96780994109843,6.88722130921233,0.00326506762380815,0.0773235642622891,98.8,0,1.1
Proceratophrys_renalis,6.63693556050264,3.86533007128597,0.282726885050058,2.48887860416661,58.2,4.3,37.5
Physalaemus_kroyeri,6.42686272702589,4.22443103019346,0.184727161652064,2.01770453518036,65.7,2.9,31.4
Corythomantis_greeningi,5.46804035968298,4.13856745974527,0.146746171974894,1.18272672796282,75.7,2.7,21.6
Bokermannohyla_pseudopseudis,3.02016336044544,2.84782194527713,0.0172813635281133,0.1550600516402,94.3,0.6,5.1
Dendropsophus_soaresi,5.97671265562899,4.62274796752473,0.0850479612980258,1.26891672680623,77.3,1.4,21.2
Pseudis_fusca,5.83948496605754,5.44022109468014,0.152947082342365,0.246316789035037,93.2,2.6,4.2
Scinax_pachycrus,5.74780889617861,4.17652268601638,0.108250165738533,1.4630360444237,72.7,1.9,25.5
Leptodactylus_caatingae,3.99149091052431,3.23188436642402,0.119479390137107,0.640127153963179,81,3,16
Leptodactylus_troglodytes,7.61834712424987,4.72459637179888,0.272914973919951,2.62083577853103,62,3.6,34.4
Odontophrynus_carvalhoi,5.99542353988825,4.24989321855604,0.0968078539023742,1.64872246742984,70.9,1.6,27.5
Physalaemus_albifrons,6.32551704088659,3.88001482304311,0.121803193972087,2.3236990238714,61.3,1.9,36.7
Physalaemus_cicada,6.17478302232704,5.10637898161614,0.0657165291632044,1.0026875115477,82.7,1.1,16.2
Pleurodema_diplolister,5.98745419968065,3.63362934613228,0.207929324415838,2.14589552913254,60.7,3.5,35.8
Proceratophrys_cristiceps,6.58276481466677,4.95656701302173,0.147237194822221,1.47896060682283,75.3,2.2,22.5
Scinax_camposseabrai,5.38178570136211,4.97759379407133,0.0333729077234434,0.370818999567341,92.5,0.6,6.9
Pithecopus_nordestinus,5.70795522335146,3.25838305063614,0.23947383749878,2.21009833521653,57.1,4.2,38.7
Pseudopaludicola_pocoto,5.1981398019166,3.60841918734578,0.16105416400419,1.42866645056663,69.4,3.1,27.5
Scinax_melanodactylus,8.11429763999504,6.61650944800691,0.593711853711228,0.904076338276905,81.5,7.3,11.1
Frostius_pernambucensis,8.01268001632071,5.94031418578717,0.367958236661824,1.70440759387171,74.1,4.6,21.3
Hypsiboas_atlanticus,7.33668500815606,5.2959522791038,0.333493931956589,1.70723879709567,72.2,4.5,23.3
Dendropsophus_dutrai,5.72282588029002,5.27567916581219,0.213129548841827,0.234017165635997,92.2,3.7,4.1
Dendropsophus_oliveirai,5.42711622539768,4.10194037023271,0.116734565769736,1.20844128939523,75.6,2.2,22.3
Phyllodytes_acuminatus,7.50902667203781,5.4937938168979,0.337216969198188,1.67801588594172,73.2,4.5,22.3
Scinax_auratus,7.21408594569015,5.31652944456318,0.250787892434715,1.64676860869226,73.7,3.5,22.8
Trachycephalus_atlas,5.40488252046113,4.62700820734377,0.0455469496830577,0.732327363434307,85.6,0.8,13.5
Pristimantis_ramagii,7.18400232220167,5.13388454426774,0.380033964386605,1.67008381354732,71.5,5.3,23.2
Phyllomedusa_bahiana,7.17729442149195,5.27161954600462,0.0526790058152018,1.85299586967212,73.4,0.7,25.8
Leptodactylus_vastus,8.02565515395654,6.37463136577559,0.411178872588893,1.23984491559205,79.4,5.1,15.4
Scinax_cretatus,7.76295512882983,5.91541349277653,0.431401440790264,1.41614019526304,76.2,5.6,18.2
