inertia,OMI,Tol,Rtol,omi,tol,rtol
Acanthochelys.radiolata,9.73354113238664,3.50496654089492,1.86854324178738,4.36003134970434,36,19.2,44.8
Acanthochelys.spixii,10.0592627243135,2.89531311999939,3.25192276569202,3.91202683862205,28.8,32.3,38.9
Acratosaura.mentalis,12.198168190016,7.33305141757105,0.525766482758982,4.33935028968596,60.1,4.3,35.6
Acratosaura.spinosa,11.1005123296064,8.62817179116316,0.117079252214024,2.35526128622918,77.7,1.1,21.2
Alexandresaurus.camacan,11.9941964806974,7.26968909428737,0.485885973203734,4.23862141320632,60.6,4.1,35.3
Ameiva.ameiva,7.9564653517839,0.244154454675884,3.93824486344705,3.77406603366096,3.1,49.5,47.4
Ameivula.abaetensis,14.6853433335818,10.6551986247932,0.566457094140233,3.46368761464837,72.6,3.9,23.6
Ameivula.cipoensis,5.42695156635883,5.3155281405339,0.00156050562107568,0.109862920203853,97.9,0,2
Ameivula.littoralis,5.25484505259029,1.7425987268342,0.160838893866082,3.35140743189,33.2,3.1,63.8
Ameivula.nativo,12.8963042791162,9.07110015223568,1.59991410339801,2.22529002348252,70.3,12.4,17.3
Ameivula.ocellifera,8.42390612964753,0.0178252328464148,3.90310819047337,4.50297270632775,0.2,46.3,53.5
Amerotyphlops.brongersmianus,8.94028611593116,0.000186996646409384,3.38700717755864,5.55309194172611,0,37.9,62.1
Amerotyphlops.paucisquamus,19.8942246842145,16.1472617503238,0.803296354191733,2.943666579699,81.2,4,14.8
Amerotyphlops.reticulatus,8.41311641018116,4.77518184916134,0.550063139257346,3.08787142176247,56.8,6.5,36.7
Amphisbaena.alba,9,1.44950888883511e-28,0.623829849983159,8.37617015001684,0,6.9,93.1
Amphisbaena.albocingulata,3.31219169091436,1.33121482882664,0.0630865088029375,1.91789035328479,40.2,1.9,57.9
Amphisbaena.amazonica,19.5866215305728,16.0396207440689,0.786132265106708,2.76086852139718,81.9,4,14.1
Amphisbaena.bahiana,12.1212838328181,12.1212838328181,0,0,100,0,0
Amphisbaena.darwini,11.1121752968027,5.2979837568953,2.82820986643477,2.98598167347262,47.7,25.5,26.9
Amphisbaena.dubia,8.76906792394109,3.40771146699921,1.86093357876419,3.50042287817769,38.9,21.2,39.9
Amphisbaena.heterozonata,3.27400210640673,1.71274468392147,0.212010408131654,1.3492470143536,52.3,6.5,41.2
Amphisbaena.hogei,8.59757203849725,2.38424929150526,3.03810377113003,3.17521897586197,27.7,35.3,36.9
Amphisbaena.infraorbitale,6.55972546345152,2.26052541527385,0.392881655639166,3.9063183925385,34.5,6,59.6
Amphisbaena.kingii,17.352750549522,16.0986991280048,0.10814822122994,1.14590320028725,92.8,0.6,6.6
Amphisbaena.lumbricalis,2.82740921058588,1.98702047462033,0.123644419653037,0.716744316312513,70.3,4.4,25.3
Amphisbaena.mertensii,4.16843833547825,0.475415961309675,0.393866030650697,3.29915634351788,11.4,9.4,79.1
Amphisbaena.microcephalum,10.3948856409957,3.25602434397767,3.38111478969585,3.75774650732222,31.3,32.5,36.1
Amphisbaena.munoai,16.8225183776274,16.1081765729097,0.0612390221239333,0.653102782593831,95.8,0.4,3.9
Amphisbaena.nigricauda,8.92341690538974,5.65148617335111,0.335776743633296,2.93615398840534,63.3,3.8,32.9
Amphisbaena.octostegum,15.7021824941311,15.7021824941311,0,0,100,0,0
Amphisbaena.polystegum,14.6966588488309,8.98305215216661,0.655737151048134,5.05786954561617,61.1,4.5,34.4
Amphisbaena.pretrei,15.0386159279083,9.67327826642533,0.751666952343792,4.61367070913921,64.3,5,30.7
Amphisbaena.prunicolor,8.68359844130014,2.94435205604369,3.80299234964156,1.93625403561489,33.9,43.8,22.3
Amphisbaena.roberti,2.47525624006556,1.12554458825177,0.441753615388789,0.907958036424996,45.5,17.8,36.7
Amphisbaena.scutigerum,3.99036910524872,3.06974348464335,0.0452174313375941,0.875408189267775,76.9,1.1,21.9
Amphisbaena.trachura,9.7085678221864,3.47255307794914,3.45996696588307,2.7760477783542,35.8,35.6,28.6
Amphisbaena.vermicularis,16.4115110896755,12.5450238640386,0.794040083216866,3.07244714242003,76.4,4.8,18.7
Amphisbaena.wiedi,11.5424911873952,6.68831000485525,0.360017180178434,4.49416400236152,57.9,3.1,38.9
Amphisbaena.wuchereri,8.15999816294998,4.49909769980198,0.432604838439417,3.22829562470859,55.1,5.3,39.6
Anisolepis.grilli,8.75808711234897,2.15977227714277,3.56450217504995,3.03381266015624,24.7,40.7,34.6
Anisolepis.undulatus,15.4664230050499,15.2257236050444,0.0839071910577713,0.15679220894768,98.4,0.5,1
Anolis.brasiliensis,5.27853843094326,5.07006488643381,0.0459398052382473,0.162533739271203,96.1,0.9,3.1
Anolis.chrysolepis,6.3789246341271,5.38302683766963,0.294768010134153,0.701129786323319,84.4,4.6,11
Anolis.fuscoauratus,19.8942246842145,16.1472617503238,0.803296354191733,2.943666579699,81.2,4,14.8
Anolis.meridionalis,4.1896518432647,2.35664416121422,0.74567205301971,1.08733562903078,56.2,17.8,26
Anolis.nasofrontalis,7.30863206319539,7.30863206319539,0,0,100,0,0
Anolis.pseudotigrinus,7.01229718092253,2.88325172991167,0.454409783315084,3.67463566769577,41.1,6.5,52.4
Anolis.punctatus,9.06158168973328,3.11152891042161,1.37326873470623,4.57678404460543,34.3,15.2,50.5
Anolis.williamsii,14.0473346440334,9.83549442260199,0.417573729447612,3.7942664919838,70,3,27
Anotosaura.collaris,10.2207484063041,5.85269873661608,0.199324613520853,4.16872505616718,57.3,2,40.8
Anotosaura.vanzolinia,15.3351897955381,14.8302739426702,0.115962807922023,0.38895304494584,96.7,0.8,2.5
Apostolepis.albicollaris,9.40035136778799,8.69407418219664,0.0679909096373818,0.638286275953963,92.5,0.7,6.8
Apostolepis.ambiniger,2.17347864770806,1.90964928709152,0.0774477135020628,0.186381647114472,87.9,3.6,8.6
Apostolepis.ammodites,7.55930907465603,5.96561335206983,0.162726887665266,1.43096883492093,78.9,2.2,18.9
Apostolepis.assimilis,5.30308280387332,0.312645965875993,0.519078668299485,4.47135816969784,5.9,9.8,84.3
Apostolepis.cearensis,16.1652631564158,11.4099704462374,0.779990014255942,3.97530269592243,70.6,4.8,24.6
Apostolepis.dimidiata,5.96058442999769,0.480636814442917,1.2944923389873,4.18545527656747,8.1,21.7,70.2
Apostolepis.flavotorquata,5.11292657398596,2.99718953723707,0.605629758805409,1.51010727794348,58.6,11.8,29.5
Apostolepis.goiasensis,8.02162644008025,7.32544268636161,0.17342654497615,0.522757208742495,91.3,2.2,6.5
Apostolepis.quirogai,15.6223753937581,15.4878676127221,0.00276375955628835,0.131744021479686,99.1,0,0.8
Aspronema.dorsivittatum,8.11056491542749,1.05806804800115,3.47913981714684,3.5733570502795,13,42.9,44.1
Atractus.albuquerquei,7.61432931197178,7.05794912975134,0.146382419580385,0.409997762640055,92.7,1.9,5.4
Atractus.caete,16.3344438381306,13.4546661180022,0.417894834721628,2.46188288540675,82.4,2.6,15.1
Atractus.francoi,3.04536501201887,1.23312712097578,0.132510190131098,1.679727700912,40.5,4.4,55.2
Atractus.guentheri,14.5075304591278,10.5863937776221,1.55957152159479,2.36156515991085,73,10.8,16.3
Atractus.maculatus,14.7941244222715,13.0658961076997,0.529982266477269,1.19824604809455,88.3,3.6,8.1
Atractus.pantostictus,4.91797676637393,1.90796859338716,0.911960326549338,2.09804784643743,38.8,18.5,42.7
Atractus.paraguayensis,13.9022319764137,12.0957422535123,0.36963787247611,1.43685185042535,87,2.7,10.3
Atractus.potschi,14.4882132292986,10.0311902149485,0.557097674082256,3.89992534026778,69.2,3.8,26.9
Atractus.reticulatus,8.76922751060302,2.38100684869144,3.56757269085817,2.82064797105341,27.2,40.7,32.2
Atractus.serranus,2.83408796853429,0.474312364054612,0.191630891715574,2.16814471276411,16.7,6.8,76.5
Atractus.spinalis,5.42695156635883,5.3155281405339,0.00156050562107568,0.109862920203853,97.9,0,2
Atractus.thalesdelemai,16.1114236017142,15.4117171241675,0.0861450659135438,0.613561411633181,95.7,0.5,3.8
Atractus.trihedrurus,10.6073202971745,5.05574938184369,2.46090086803647,3.09067004729434,47.7,23.2,29.1
Atractus.zebrinus,6.95105484365805,0.645110654862778,0.673566116760929,5.63237807203435,9.3,9.7,81
Bachia.bresslaui,4.73710704158027,2.92493465510707,0.769892081753151,1.04228030472005,61.7,16.3,22
Boa.constrictor,7.19917256651966,1.41740573440611,2.06367821350105,3.7180886186125,19.7,28.7,51.6
Boiruna.maculata,8.36846501682385,1.29108683048722,3.69842043395378,3.37895775238285,15.4,44.2,40.4
Boiruna.sertaneja,14.9158052196087,9.65390758963579,0.471874199618639,4.79002343035422,64.7,3.2,32.1
Bothrops.alternatus,8.02965445099649,0.968664862524288,3.43421027865553,3.62677930981667,12.1,42.8,45.2
Bothrops.bilineata,8.9302505064552,3.70457769014048,0.905340586190991,4.32033223012373,41.5,10.1,48.4
Bothrops.cotiara,11.3478177424738,7.37008516166861,1.41584732442264,2.56188525638257,64.9,12.5,22.6
Bothrops.diporus,7.99129423470423,3.68611629514986,2.57204289642495,1.73313504312943,46.1,32.2,21.7
Bothrops.erythromelas,13.0703216778907,8.11435738770965,0.274343884517524,4.68162040566353,62.1,2.1,35.8
Bothrops.fonsecai,4.26087901650283,1.69049170634448,0.535362059824559,2.0350252503338,39.7,12.6,47.8
Bothrops.itapetiningae,4.23614735268684,0.50873309844198,0.751732259431449,2.97568199481341,12,17.7,70.2
Bothrops.jararaca,8.67125156575604,0.0607228254236143,3.92766714927762,4.6828615910548,0.7,45.3,54
Bothrops.jararacussu,7.63244196727216,0.0630606474950479,1.17911917477443,6.39026214500268,0.8,15.4,83.7
Bothrops.leucurus,11.3650341533927,6.05780421822699,1.11127120408813,4.19595873107756,53.3,9.8,36.9
Bothrops.lutzi,9.60867091589253,2.22309568407365,2.69373846144138,4.6918367703775,23.1,28,48.8
Bothrops.marmoratus,9.40035136778799,8.69407418219664,0.0679909096373818,0.638286275953963,92.5,0.7,6.8
Bothrops.matogrossensis,4.1346020240958,0.752121477236442,0.707639346795702,2.67484120006366,18.2,17.1,64.7
Bothrops.moojeni,6.73785793506524,0.567192391582343,2.85594449420819,3.3147210492747,8.4,42.4,49.2
Bothrops.muriciensis,16.0364984035855,13.2756016391069,0.55894654026308,2.20195022421555,82.8,3.5,13.7
Bothrops.neuwiedi,7.72009523415098,0.116645153980995,3.38184643509954,4.22160364507045,1.5,43.8,54.7
Bothrops.pauloensis,3.87671332747963,1.01784733175592,0.90250371527568,1.95636228044803,26.3,23.3,50.5
Bothrops.pirajai,11.4211673732938,7.43590504629526,0.453431140312968,3.53183118668556,65.1,4,30.9
Bothrops.pubescens,17.8579613104043,14.6269171764747,0.148443127412897,3.08260100651669,81.9,0.8,17.3
Brasiliscincus.agilis,8.36971897212809,3.38620480867191,0.679695339051691,4.30381882440449,40.5,8.1,51.4
Brasiliscincus.caissara,4.91432911056387,1.07767477068659,0.660710364872166,3.17594397500511,21.9,13.4,64.6
Brasiliscincus.heathi,12.9502405834776,7.39927231560958,0.654286244698105,4.8966820231699,57.1,5.1,37.8
Caaeteboia.amarali,7.17987975661763,1.49563613875421,1.33690002474013,4.34734359312329,20.8,18.6,60.5
Caiman.crocodilus,8.86218491447297,8.86218491447297,0,0,100,0,0
Caiman.latirostris,8.93009279720374,0.000794396611087309,4.74410449787782,4.18519390271484,0,53.1,46.9
Caiman.yacare,2.35834906675565,1.7535746552475,0.0567302117714557,0.548044199736696,74.4,2.4,23.2
Calamodontophis.paucidens,19.4469146715618,19.2432002294398,0.0096805859935609,0.194033856128399,99,0,1
Calamodontophis.ronaldoi,11.6678736080408,8.39310951639036,0.80736269261979,2.46740139903068,71.9,6.9,21.1
Caparaonia.itaiquara,6.56509275444437,3.06504840230295,0.280278729228179,3.21976562291324,46.7,4.3,49
Cercosaura.ocellata,9,1.44950888883511e-28,0.623829849983159,8.37617015001684,0,6.9,93.1
Cercosaura.quadrilineata,5.94449388655026,0.495940271688555,1.19690528243369,4.25164833242801,8.3,20.1,71.5
Cercosaura.schreibersii,8.39226117164357,0.961055277228753,3.77428125237179,3.65692464204303,11.5,45,43.6
Chelonoidis.carbonaria,9.54945084351918,4.01817123576812,0.872787081367143,4.65849252638392,42.1,9.1,48.8
Chelonoidis.denticulata,7.62146892128181,2.96447425847115,0.686719269929711,3.97027539288095,38.9,9,52.1
Chironius.bicarinatus,8.71681457122582,0.0125942614343768,4.10923646538706,4.59498384440438,0.1,47.1,52.7
Chironius.carinatus,13.3795794411342,8.02415648504771,0.51198178205153,4.84344117403497,60,3.8,36.2
Chironius.exoletus,8.6870671136029,0.0295796582135549,4.49874203772883,4.15874541766052,0.3,51.8,47.9
Chironius.flavolineatus,7.28841447733384,0.963796317666358,2.57921567556634,3.74540248410114,13.2,35.4,51.4
Chironius.foveatus,7.88202897901088,1.4882368969946,1.37789251488318,5.0158995671331,18.9,17.5,63.6
Chironius.fuscus,7.60997253047878,1.65877639981559,1.20437528684455,4.74682084381863,21.8,15.8,62.4
Chironius.laevicollis,7.50603566346816,0.221894586293474,3.07947145479576,4.20466962237892,3,41,56
Chironius.maculoventris,18.1799366260621,15.2918526745729,0.0885863244284428,2.79949762706079,84.1,0.5,15.4
Chironius.quadricarinatus,8.50449862938646,0.0280378751405498,3.75720486932162,4.71925588492429,0.3,44.2,55.5
Clelia.clelia,4.92254366828868,0.850650794821,0.257526288817312,3.81436658465036,17.3,5.2,77.5
Clelia.hussami,13.2505390759695,11.8337949051472,0.409557208022605,1.00718696279973,89.3,3.1,7.6
Clelia.plumbea,8.56674734891282,0.00434560947242142,0.873630740801589,7.68877099863881,0.1,10.2,89.8
Coleodactylus.brachystoma,9.19623966028871,8.94152075548895,0.00405479981326823,0.250664104986491,97.2,0,2.7
Coleodactylus.meridionalis,14.4940482282828,9.32576155990284,0.647786873327346,4.52049979505263,64.3,4.5,31.2
Coleodactylus.natalensis,26.4568194518099,22.8501975336339,0.750060884517861,2.85656103365814,86.4,2.8,10.8
Colobodactylus.dalcyanus,4.21339746910602,1.63482905554217,0.613683693161392,1.96488472040247,38.8,14.6,46.6
Colobodactylus.taunayi,14.7730426971136,12.3754274315533,1.35039672816374,1.04721853739653,83.8,9.1,7.1
Colobosaura.modesta,5.32922127185006,4.21181736905748,0.400565187356294,0.716838715436278,79,7.5,13.5
Contomastix.leachei,18.1198223620988,14.147418534379,0.191350261192901,3.78105356652684,78.1,1.1,20.9
Contomastix.vacariensis,12.4844782407992,9.46212595942228,0.803809128175546,2.21854315320137,75.8,6.4,17.8
Copeoglossum.nigropunctatum,5.8113026203769,4.46306594229014,0.468048269311084,0.880188408775684,76.8,8.1,15.1
Corallus.cropanii,9.65709412635136,3.23513343873868,3.96065032769042,2.46131035992226,33.5,41,25.5
Corallus.hortulanus,7.14061056070692,1.59029571577943,1.77332007114471,3.77699477378278,22.3,24.8,52.9
Coronelaps.lepidus,8.75537188814045,3.40610559077754,0.797709573186663,4.55155672417625,38.9,9.1,52
Crotalus.durissus,9,1.44950888883511e-28,0.623829849983159,8.37617015001684,0,6.9,93.1
Dendrophidion.atlantica,16.6515160924014,15.3263978953255,0.610700558963647,0.71441763811228,92,3.7,4.3
Diploglossus.lessonae,19.3355184161151,15.6080552513243,0.661643617756767,3.06581954703408,80.7,3.4,15.9
Dipsas.albifrons,7.32253124014995,0.507825964570476,0.666830288926561,6.14787498665292,6.9,9.1,84
Dipsas.alternans,8.38331212238671,0.838765371160646,2.98037780998787,4.56416894123819,10,35.6,54.4
Dipsas.bucephala,6.27886404132121,0.543714952947306,1.75827958375896,3.97686950461494,8.7,28,63.3
Dipsas.catesbyi,13.0832557044257,9.37499279648629,0.881697376276328,2.82656553166313,71.7,6.7,21.6
Dipsas.indica,8.46349065627184,0.0373580333685624,3.69836395687739,4.72776866602589,0.4,43.7,55.9
Dipsas.sazimai,7.02158627742108,2.97372992369827,0.683252999574422,3.36460335414839,42.4,9.7,47.9
Dipsas.variegata,8.18293200186193,1.6808742986946,1.57316711537457,4.92889058779276,20.5,19.2,60.2
Ditaxodon.taeniatus,8.63308871825955,2.86570936545209,2.91580224478306,2.85157710802439,33.2,33.8,33
Dryadosaura.nordestina,19.3671737674288,15.2599123488899,0.914110868563754,3.19315054997513,78.8,4.7,16.5
Drymarchon.corais,9.51203545172004,4.65835199470283,0.760919090956377,4.09276436606083,49,8,43
Drymoluber.brazili,7.06557470397394,3.2288262936996,0.839104337350846,2.99764407292349,45.7,11.9,42.4
Drymoluber.dichrous,9.86031650475339,4.36590602547835,0.864902145283932,4.62950833399111,44.3,8.8,47
Echinanthera.amoena,5.88443497525874,0.417922849925192,1.00513770276665,4.46137442256689,7.1,17.1,75.8
Echinanthera.cephalomaculata,16.0308093325723,12.9940710797286,0.61406993665798,2.42266831618568,81.1,3.8,15.1
Echinanthera.cephalostriata,7.03744328896262,0.201017379003346,2.35093162460358,4.4854942853557,2.9,33.4,63.7
Echinanthera.cyanopleura,8.79246808442183,1.51811414944798,3.76830281029541,3.50605112467843,17.3,42.9,39.9
Echinanthera.melanostigma,4.92932820850455,1.53119312671719,0.450853628734016,2.94728145305334,31.1,9.1,59.8
Echinanthera.undulata,6.57131883435313,0.592482488311953,0.733029983570489,5.24580636247069,9,11.2,79.8
Ecpleopus.gaudichaudii,7.01806993809695,0.724786966767566,1.05486410449067,5.23841886683872,10.3,15,74.6
Elapomorphus.quinquelineatus,6.90259109048138,0.767186672176084,0.657698665162013,5.47770575314329,11.1,9.5,79.4
Elapomorphus.wuchereri,9.5196138068378,5.39418333498804,0.450996264943323,3.67443420690644,56.7,4.7,38.6
Enyalius.bibronii,10.8085268190592,5.23105069177169,0.865480646066157,4.71199548122133,48.4,8,43.6
Enyalius.bilineatus,5.63489888718768,3.3478115872807,0.299401384178052,1.98768591572893,59.4,5.3,35.3
Enyalius.boulengeri,3.31271332191867,1.04523015987664,0.228030144497018,2.03945301754502,31.6,6.9,61.6
Enyalius.brasiliensis,6.29722041207582,1.20977990677643,1.07095961126701,4.01648089403237,19.2,17,63.8
Enyalius.catenatus,8.01524536527275,2.65760391545083,1.19981864609617,4.15782280372574,33.2,15,51.9
Enyalius.erythroceneus,10.9919284727354,8.12652587354903,0.157791941593762,2.70761065759261,73.9,1.4,24.6
Enyalius.iheringii,11.6467011925378,4.4632129768254,2.42093876850077,4.76254944721167,38.3,20.8,40.9
Enyalius.perditus,4.31196376210733,1.99403158500644,0.465561876952344,1.85237030014855,46.2,10.8,43
Enyalius.pictus,9.63351715878539,5.47886984660208,0.176901226564287,3.97774608561903,56.9,1.8,41.3
Epicrates.assisi,14.6192882355824,9.40461480891559,0.645759124403624,4.56891430226324,64.3,4.4,31.3
Epicrates.cenchria,10.7903393755998,5.6952810195907,0.898724284969185,4.19633407103988,52.8,8.3,38.9
Epicrates.crassus,4.90151722043443,0.452382698202822,0.706120501700422,3.74301402053119,9.2,14.4,76.4
Epictia.borapeliotes,15.199245894367,11.3030335413701,0.39439202359709,3.5018203293998,74.4,2.6,23
Epictia.munoai,16.7777764772014,15.5754991475148,0.0618203810226939,1.14045694866388,92.8,0.4,6.8
Erythrolamprus.aesculapii,6.64302097142139,0.285599054860417,3.14934511172508,3.20807680483589,4.3,47.4,48.3
Erythrolamprus.almadensis,9.03922788461425,0.0186347044606431,3.73446000916482,5.28613317098879,0.2,41.3,58.5
Erythrolamprus.atraventer,4.61800345051869,0.74680830991805,0.850670619231096,3.02052452136954,16.2,18.4,65.4
Erythrolamprus.frenatus,3.74775352430679,1.10768630762536,0.683116418469556,1.95695079821188,29.6,18.2,52.2
Erythrolamprus.jaegeri,8.05806619204464,0.479870166075778,3.45092754456853,4.12726848140034,6,42.8,51.2
Erythrolamprus.maryellenae,7.8582053912055,5.93577407393885,0.358401149916299,1.56403016735035,75.5,4.6,19.9
Erythrolamprus.miliaris,8.61519119270521,0.00445650099337045,2.63549550752923,5.97523918418261,0.1,30.6,69.4
Erythrolamprus.mossoroensis,14.0898102414429,8.95479508227025,0.335882407713401,4.79913275145922,63.6,2.4,34.1
Erythrolamprus.poecilogyrus,9,1.44950888883511e-28,0.623829849983159,8.37617015001684,0,6.9,93.1
Erythrolamprus.reginae,7.30436292661927,0.559522089820593,3.1447790957326,3.60006174106608,7.7,43.1,49.3
Erythrolamprus.semiaureus,14.5512170553951,12.8539667001226,0.390448228455961,1.30680212681654,88.3,2.7,9
Erythrolamprus.taeniogaster,16.3732779046716,11.3127055391216,0.935906836116187,4.12466552943373,69.1,5.7,25.2
Erythrolamprus.typhlus,5.23500072079765,0.924033441937671,2.03571110082392,2.27525617803606,17.7,38.9,43.5
Erythrolamprus.viridis,15.849706005717,10.2455655461646,0.697367611993279,4.90677284755911,64.6,4.4,31
Eunectes.murinus,6.63093138089631,2.60563580647097,1.09314315943686,2.93215241498848,39.3,16.5,44.2
Eunectes.notaeus,5.53069376463792,3.15608182556377,0.950322890250152,1.42428904882399,57.1,17.2,25.8
Eurolophosaurus.nanuzae,7.48060498713803,6.55090589228217,0.222047060375225,0.707652034480637,87.6,3,9.5
Gomesophis.brasiliensis,8.32866749075839,1.25680400110473,3.8863037766464,3.18555971300725,15.1,46.7,38.2
Gymnodactylus.darwinii,6.17477529984531,2.27150011102392,0.484965171909734,3.41831001691166,36.8,7.9,55.4
Gymnodactylus.guttulatus,6.51711140957477,5.04037096760693,0.0914538125267992,1.38528662944104,77.3,1.4,21.3
Gymnodactylus.vanzolinii,11.0229542307638,9.33242324527049,0.107630778805913,1.58290020668741,84.7,1,14.4
Gymnophthalmus.lineatus,18.2426135636268,13.5934774001887,0.841265029720079,3.807871133718,74.5,4.6,20.9
Helicops.angulatus,13.3237291708874,7.88052737781887,0.547438216604712,4.89576357646381,59.1,4.1,36.7
Helicops.carinicaudus,8.45313975939508,0.71005429431997,1.1315215130535,6.6115639520216,8.4,13.4,78.2
Helicops.gomesi,4.13445540176127,2.21639759423295,0.907657537382494,1.01040027014582,53.6,22,24.4
Helicops.infrataeniatus,8.52936331988497,1.51647893714086,3.89372208997236,3.11916229277175,17.8,45.7,36.6
Helicops.leopardinus,9.01043565422267,0.0886672084316404,4.36737751204747,4.55439093374355,1,48.5,50.5
Helicops.modestus,4.29897007828149,1.34239168300108,1.07025750305007,1.88632089223034,31.2,24.9,43.9
Hemidactylus.brasilianus,13.0298921709832,9.61408082594687,0.181975052047601,3.23383629298876,73.8,1.4,24.8
Hemidactylus.mabouia,10.1354689724663,8.33436081807333,0.973452457418955,0.827655696974057,82.2,9.6,8.2
Heterodactylus.imbricatus,4.89739736705706,1.79225192025338,0.429248260228821,2.67589718657486,36.6,8.8,54.6
Heterodactylus.lundii,5.97059842688328,5.54121561828299,0.0192910014803851,0.410091807119909,92.8,0.3,6.9
Heterodactylus.septentrionalis,11.0229542307638,9.33242324527049,0.107630778805913,1.58290020668741,84.7,1,14.4
Homonota.uruguayensis,18.3414323546888,18.088957064319,0.0210716843246505,0.231403606045193,98.6,0.1,1.3
Hoplocercus.spinosus,7.88836903558418,7.39524998795288,0.130462954898229,0.36265609273307,93.7,1.7,4.6
Hydrodynastes.bicinctus,4.42937667748863,2.3084548037965,0.698503504833273,1.42241836885886,52.1,15.8,32.1
Hydrodynastes.gigas,7.01318139898228,0.741490665189584,2.4241413076371,3.84754942615559,10.6,34.6,54.9
Hydromedusa.maximiliani,6.66001311788157,0.757314425093977,0.6319530820283,5.27074561075929,11.4,9.5,79.1
Hydromedusa.tectifera,8.25100798106999,0.448370241044817,3.8931641025095,3.90947363751567,5.4,47.2,47.4
Hydrops.caesurus,1.73717303744522,1.52160731121565,0.0395200181554703,0.176045708074096,87.6,2.3,10.1
Iguana.iguana,7.47592730582318,0.630572321890045,3.04733423074324,3.7980207531899,8.4,40.8,50.8
Imantodes.cenchoa,8.33659665521397,0.0577945930777628,4.4722440664076,3.80655799572861,0.7,53.6,45.7
Kentropyx.calcarata,7.21147436028294,2.22644943510841,1.35085430949431,3.63417061568022,30.9,18.7,50.4
Kentropyx.paulensis,4.79440643010591,2.347549782498,0.87470282813161,1.5721538194763,49,18.2,32.8
Kentropyx.vanzoi,5.12119867794664,3.91951948689772,0.423932482951067,0.77774670809786,76.5,8.3,15.2
Kentropyx.viridistriga,2.28593134752039,1.92435391958463,0.062522878152217,0.299054549783541,84.2,2.7,13.1
Kinosternon.scorpioides,20.099362039601,15.8507049530773,0.906000990378928,3.34265609614481,78.9,4.5,16.6
Lachesis.muta,10.3930518242051,4.9519337852024,1.12251607996347,4.31860195903921,47.6,10.8,41.6
Leposoma.annectans,14.5299857129994,10.5101663163379,0.609784272878557,3.41003512378289,72.3,4.2,23.5
Leposoma.nanodactylus,10.4931145858491,6.07081368421002,0.25876944251935,4.16353145911975,57.9,2.5,39.7
Leposoma.puk,11.0327688887771,6.34428138750423,0.334025433262292,4.35446206801059,57.5,3,39.5
Leposoma.scincoides,7.96138891353979,3.56414604651612,0.757672808950029,3.63957005807365,44.8,9.5,45.7
Leposoma.sinepollex,9.7929414564527,8.82838870366298,0.12060930951121,0.843943443278509,90.2,1.2,8.6
Leptodeira.annulata,7.6250816522821,0.432065270530119,3.50110382106847,3.69191256068351,5.7,45.9,48.4
Leptophis.ahaetulla,8.85619855272712,0.000889314921489164,3.88669798491959,4.96861125288604,0,43.9,56.1
Lioheterophis.iheringi,22.8038341051701,19.6327526675835,0.178164861930949,2.9929165756557,86.1,0.8,13.1
Liolaemus.arambarensis,5.7687054592975,1.54386950036129,0.0877777911745951,4.13705816776161,26.8,1.5,71.7
Liolaemus.lutzae,7.15056764148386,3.4666387058692,1.04445121499296,2.6394777206217,48.5,14.6,36.9
Liolaemus.occipitalis,15.8212296621537,12.049749371312,0.310258585292198,3.46122170554948,76.2,2,21.9
Liotyphlops.beui,6.07513012774236,0.171875308218696,1.37042204657863,4.53283277294504,2.8,22.6,74.6
Liotyphlops.caissara,5.84204035035584,1.30175987915419,1.3463072181578,3.19397325304385,22.3,23,54.7
Liotyphlops.schubarti,4.01218523160067,2.90513157792534,0.0751486781808848,1.03190497549445,72.4,1.9,25.7
Liotyphlops.ternetzii,6.8241732266237,0.300104018391335,0.701343027077436,5.82272618115493,4.4,10.3,85.3
Liotyphlops.trefauti,15.9911838308679,11.8370011240337,0.823203241464007,3.33097946537021,74,5.1,20.8
Liotyphlops.wilderi,4.33955810777466,2.8165228852094,0.256419755292582,1.26661546727268,64.9,5.9,29.2
Lygophis.anomalus,15.0999228702133,13.7898807820664,0.262320964976392,1.04772112317046,91.3,1.7,6.9
Lygophis.dilepis,8.05421628269889,0.277411317964855,2.03365506546957,5.74314989926446,3.4,25.2,71.3
Lygophis.flavifrenatus,9.24274512869612,3.74763282841751,2.78066363173784,2.71444866854077,40.5,30.1,29.4
Lygophis.meridionalis,5.75293893834653,0.340909808256598,0.624998907879867,4.78703022221006,5.9,10.9,83.2
Lygophis.paucidens,11.0582492515739,9.05338156135991,0.328147928368875,1.67671976184508,81.9,3,15.2
Manciola.guaporicola,3.97532489217024,2.01612760190144,0.794838609042209,1.16435868122659,50.7,20,29.3
Mastigodryas.bifossatus,9,1.44950888883511e-28,0.623829849983159,8.37617015001684,0,6.9,93.1
Mastigodryas.boddaerti,8.83217371794085,8.34718311663343,0.0808956221732379,0.404094979134181,94.5,0.9,4.6
Mesoclemmys.hogei,5.55168834474751,1.58891017230168,0.456207543381885,3.50657062906394,28.6,8.2,63.2
Mesoclemmys.tuberculata,14.314542382675,8.85617200581237,0.550495938849337,4.90787443801324,61.9,3.8,34.3
Mesoclemmys.vanderhaegei,7.70334721655037,3.16950365991111,2.70677819647561,1.82706536016365,41.1,35.1,23.7
Micrablepharus.atticolus,4.67476039489248,3.35338435596261,0.597067512665022,0.724308526264847,71.7,12.8,15.5
Micrablepharus.maximiliani,10.18971737146,5.34878651185965,0.647782581651389,4.193148277949,52.5,6.4,41.2
Micrurus.altirostris,11.2154026428931,6.84181457055009,1.66079236641626,2.71279570592673,61,14.8,24.2
Micrurus.baliocoryphus,16.0102871572973,15.8543837181792,0.0273683042335849,0.12853513488456,99,0.2,0.8
Micrurus.brasiliensis,11.4218872533656,6.25722146544437,0.196629523672992,4.96803626424823,54.8,1.7,43.5
Micrurus.corallinus,9.12650341532109,0.000883376725987481,1.33070216092891,7.7949178776662,0,14.6,85.4
Micrurus.decoratus,8.02478130109478,0.931718289533358,1.28821963539656,5.80484337616486,11.6,16.1,72.3
Micrurus.frontalis,5.76540898856869,0.417592684100585,2.41234324502063,2.93547305944747,7.2,41.8,50.9
Micrurus.ibiboboca,10.5250954631349,5.03256909757512,0.887504745527277,4.60502162003246,47.8,8.4,43.8
Micrurus.lemniscatus,8.34749043072356,0.0708393332552108,4.56689285191269,3.70975824555566,0.8,54.7,44.4
Micrurus.potyguara,36.927140639547,36.7810538428823,0.0326125793100303,0.113474217354639,99.6,0.1,0.3
Micrurus.pyrrhocryptus,3.14978926766692,1.77375519563367,0.146609603041335,1.22942446899191,56.3,4.7,39
Micrurus.silviae,16.6692334356696,15.7832046135578,0.0585963956119461,0.827432426499907,94.7,0.4,5
Mussurana.bicolor,8.59582809254077,3.17517126665445,3.44502601129267,1.97563081459366,36.9,40.1,23
Mussurana.montana,4.53397447734478,2.41093718512022,0.507565038122719,1.61547225410184,53.2,11.2,35.6
Mussurana.quimi,6.90553495594265,0.153033775320301,3.09544603608439,3.65705514453796,2.2,44.8,53
Notomabuya.frenata,8.01335548680858,0.336858417475171,2.66515546989111,5.01134159944229,4.2,33.3,62.5
Ophiodes.fragilis,8.05745424449429,0.448812268597712,3.52957822428918,4.0790637516074,5.6,43.8,50.6
Ophiodes.striatus,5.07485006417825,0.628208053197505,1.84454431813584,2.60209769284491,12.4,36.3,51.3
Oxybelis.aeneus,8.54681724385404,3.42528434094569,0.794025944657427,4.32750695825092,40.1,9.3,50.6
Oxyrhopus.clathratus,7.98525812040132,0.15573693216733,2.1500537159198,5.67946747231419,2,26.9,71.1
Oxyrhopus.formosus,10.5051230059325,6.92355184007593,0.70681252059198,2.87475864526463,65.9,6.7,27.4
Oxyrhopus.guibei,7.96133958170408,0.168464325181683,3.98850800804962,3.80436724847277,2.1,50.1,47.8
Oxyrhopus.petolarius,7.51769019190185,0.512334327975412,3.31392426078349,3.69143160314295,6.8,44.1,49.1
Oxyrhopus.rhombifer,8.60769262024481,0.142647656033148,4.01182196309261,4.45322300111904,1.7,46.6,51.7
Oxyrhopus.trigeminus,7.09046424832901,1.28205608100664,2.13487293054635,3.67353523677601,18.1,30.1,51.8
Paleosuchus.palpebrosus,10.2546522737049,5.34829960097296,0.738733756382518,4.16761891634943,52.2,7.2,40.6
Paraphimophis.rusticus,8.76923949675447,2.02559093791071,3.90206797311163,2.84158058573214,23.1,44.5,32.4
Phalotris.bilineatus,16.5338707719034,15.6982069898785,0.0610654519722504,0.774598330052667,94.9,0.4,4.7
Phalotris.concolor,9.64510862782582,8.79560533912703,0.243431176861666,0.606072111837123,91.2,2.5,6.3
Phalotris.lativittatus,3.13841565810188,1.81951250684389,0.570020621052145,0.748882530205847,58,18.2,23.9
Phalotris.lemniscatus,9.79295325064924,5.02240171978267,2.40302075531108,2.36753077555548,51.3,24.5,24.2
Phalotris.matogrossensis,6.84594663020483,1.13289797196475,2.6245041366254,3.08854452161468,16.5,38.3,45.1
Phalotris.mertensi,4.32478338567945,0.646582927514423,1.17724062487023,2.5009598332948,15,27.2,57.8
Phalotris.multipunctatus,2.86736858228684,1.75049838643211,0.182914008843636,0.933956187011097,61,6.4,32.6
Phalotris.nasutus,5.73444958343236,4.78398016190484,0.296872591086285,0.653596830441239,83.4,5.2,11.4
Phalotris.tricolor,6.71636584362922,5.07717695747902,0.614945249037111,1.02424363711309,75.6,9.2,15.2
Philodryas.aestiva,8.15482097363316,0.618466250672388,3.07259526936511,4.46375945359566,7.6,37.7,54.7
Philodryas.agassizii,8.30785009911539,1.05052358794168,3.60392761904938,3.65339889212433,12.6,43.4,44
Philodryas.arnaldoi,13.6126706432825,9.55508604695002,1.76262483788467,2.29495975844778,70.2,12.9,16.9
Philodryas.laticeps,6.21979045604663,0.142266669733342,1.02834007422535,5.04918371208794,2.3,16.5,81.2
Philodryas.livida,4.07331774283438,2.62787157327391,0.571472239071551,0.873973930488912,64.5,14,21.5
Philodryas.mattogrossensis,3.96362668245436,1.85597270876453,0.787553102877937,1.32010087081189,46.8,19.9,33.3
Philodryas.nattereri,8.7735572562515,4.71011936211148,0.559794134058098,3.50364376008192,53.7,6.4,39.9
Philodryas.olfersii,9,1.44950888883511e-28,0.623829849983159,8.37617015001684,0,6.9,93.1
Philodryas.patagoniensis,9,1.44950888883511e-28,0.623829849983159,8.37617015001684,0,6.9,93.1
Philodryas.psammophidea,8.18908609203909,2.07091151553845,3.39514142440961,2.72303315209103,25.3,41.5,33.3
Philodryas.viridissima,14.7773075849779,10.3179332559299,1.06314005669695,3.39623427235099,69.8,7.2,23
Phimophis.guerini,8.33268507582762,0.0569340346008012,0.965618971275176,7.31013206995165,0.7,11.6,87.7
Phrynops.geoffroanus,8.66199302889072,0.015543812326226,3.98187245407593,4.66457676248857,0.2,46,53.9
Phrynops.hilarii,9.43422177577221,3.43282058155074,3.29837808450248,2.70302310971898,36.4,35,28.7
Phrynops.tuberosus,16.6690032313682,12.0639792515001,0.796103124159594,3.80892085570852,72.4,4.8,22.9
Phrynops.williamsi,14.5237365981056,12.0933046686634,0.383625236451171,2.04680669299101,83.3,2.6,14.1
Phyllopezus.lutzae,13.3185453752294,8.55604289731846,0.868018210721637,3.89448426718934,64.2,6.5,29.2
Phyllopezus.periosus,19.3944549131398,15.8563251709106,0.766440498318899,2.77168924391022,81.8,4,14.3
Phyllopezus.pollicaris,7.75106928844754,0.108200367603075,3.93945361388701,3.70341530695745,1.4,50.8,47.8
Placosoma.cipoense,5.82480289335849,4.39784756277912,0.0734686495437601,1.35348668103561,75.5,1.3,23.2
Placosoma.cordylinum,6.68821678406411,0.747346801817369,1.69263979279838,4.24823018944836,11.2,25.3,63.5
Placosoma.glabellum,4.93457242193227,1.37925584905135,1.15944598057249,2.39587059230843,28,23.5,48.6
Polychrus.acutirostris,7.2630138735691,0.552412828427017,3.17942841633348,3.5311726288086,7.6,43.8,48.6
Polychrus.marmoratus,9.80731089151596,5.54033051393842,0.283243857932612,3.98373651964493,56.5,2.9,40.6
Pseudoboa.haasi,11.1685060619245,6.66361377746476,1.64138639809357,2.86350588636617,59.7,14.7,25.6
Pseudoboa.nigra,7.24755817199374,2.24572001603148,1.21106719129228,3.79077096466998,31,16.7,52.3
Pseudoboa.serrana,4.46520438407662,1.32072413772317,0.41091057685473,2.73356966949873,29.6,9.2,61.2
Pseudoeryx.plicatilis,7.32564032774024,0.292958520151864,0.612341718160967,6.42034008942741,4,8.4,87.6
Psomophis.joberti,8.20620931311494,4.90610320666945,0.802209625256385,2.49789648118911,59.8,9.8,30.4
Psomophis.obtusus,16.3571642946596,15.4101099472696,0.0734010423785155,0.873653305011453,94.2,0.4,5.3
Psychosaura.agmosticha,14.4143449259526,14.4143449259526,0,0,100,0,0
Psychosaura.macrorhyncha,7.33326619677265,2.35112023200639,0.804729277759499,4.17741668700677,32.1,11,57
Ptychophis.flavovirgatus,10.8876976873618,4.53864524189102,2.82399532424892,3.52505712122183,41.7,25.9,32.4
Rhachidelus.brazili,6.15728459724877,0.464750075495912,1.12610971867971,4.56642480307315,7.5,18.3,74.2
Rhachisaurus.brachylepis,6.98456436106795,5.03698505530796,0.321264179759779,1.62631512600021,72.1,4.6,23.3
Rodriguesophis.iglesiasi,12.6036326111025,10.1357551336263,0.0523537646169828,2.4155237128592,80.4,0.4,19.2
Salvator.duseni,6.31591832603099,4.15869138541052,1.15688864418344,1.00033829643702,65.8,18.3,15.8
Salvator.merianae,8.87814150857542,0.00136402311203813,1.65751677542675,7.21926071003664,0,18.7,81.3
Scriptosaura.catimbau,16.6971186475387,14.1833856193384,0.368913505794539,2.14481952240569,84.9,2.2,12.8
Sibynomorphus.mikanii,7.07140018151916,0.684095565847367,2.92954309062629,3.4577615250455,9.7,41.4,48.9
Sibynomorphus.neuwiedi,8.55633801337529,0.97881054807684,2.66217117896461,4.91535628633384,11.4,31.1,57.4
Sibynomorphus.turgidus,7.24788609849312,0.621572435079529,2.47358157318558,4.15273209022801,8.6,34.1,57.3
Sibynomorphus.ventrimaculatus,8.1856758078707,1.15985339759335,3.578262266204,3.44756014407335,14.2,43.7,42.1
Simophis.rhinostoma,5.62853986836439,0.407717687594045,1.64109963920644,3.5797225415639,7.2,29.2,63.6
Siphlophis.compressus,9.98848810244122,4.81185728167405,0.928221042955036,4.24840977781213,48.2,9.3,42.5
Siphlophis.leucocephalus,11.5749774372855,8.28152546896879,0.212344735090017,3.08110723322669,71.5,1.8,26.6
Siphlophis.longicaudatus,7.26087033886954,0.794583354672971,0.446871427633828,6.01941555656274,10.9,6.2,82.9
Siphlophis.pulcher,6.69657459490738,0.995189313443921,1.91984988490021,3.78153539656325,14.9,28.7,56.5
Siphlophis.worontzowi,4.1444589787052,4.1444589787052,0,0,100,0,0
Sordellina.punctata,8.54311271578034,2.67247017717558,2.02188634074306,3.8487561978617,31.3,23.7,45.1
Spilotes.pullatus,8.88451220487126,0.00118487512990387,2.29740535471085,6.58592197503051,0,25.9,74.1
Spilotes.sulphureus,9.20188077818893,3.31560947390946,1.14430438154851,4.74196692273096,36,12.4,51.5
Stenocercus.azureus,10.6049787095173,4.45568511670253,3.09091483735179,3.05837875546295,42,29.1,28.8
Stenocercus.caducus,2.54246673408547,2.54246673408547,0,0,100,0,0
Stenolepis.ridleyi,14.6616291453855,13.9548313601569,0.241586743879852,0.465211041348747,95.2,1.6,3.2
Strobilurus.torquatus,11.0653047083197,11.0653047083197,0,0,100,0,0
Taeniophallus.affinis,9.4323894320853,0.245932292516579,3.53649564770921,5.64996149185951,2.6,37.5,59.9
Taeniophallus.bilineatus,9.04372792415436,2.36449127237108,2.78930913687085,3.88992751491242,26.1,30.8,43
Taeniophallus.occipitalis,8.94648743469838,0.00042503077568024,2.52225144032675,6.42381096359595,0,28.2,71.8
Taeniophallus.persimilis,6.09679692141602,0.782393028021889,0.414006223678303,4.90039766971583,12.8,6.8,80.4
Taeniophallus.poecilopogon,17.8951358825644,15.1257790873668,0.106985554225345,2.6623712409723,84.5,0.6,14.9
Tantilla.boipiranga,5.9142737011801,4.5256980398009,0.0164862216152149,1.37208943976399,76.5,0.3,23.2
Tantilla.melanocephala,8.60725588784551,0.054773151679451,2.91666628180958,5.63581645435649,0.6,33.9,65.5
Teius.oculatus,10.5314841471493,3.57960348355695,2.71650692998962,4.23537373360275,34,25.8,40.2
Thamnodynastes.almae,14.4143449259526,14.4143449259526,0,0,100,0,0
Thamnodynastes.hypoconia,8.21087856984868,0.069075286047068,3.10079178859133,5.04101149521028,0.8,37.8,61.4
Thamnodynastes.lanei,2.44353972583744,1.71808288998714,0.146714939444259,0.578741896406045,70.3,6,23.7
Thamnodynastes.longicaudus,4.3474353910623,0.717627825391034,0.825259143980148,2.80454842169111,16.5,19,64.5
Thamnodynastes.pallidus,15.9158382786163,10.966875973867,0.831868292002358,4.11709401274689,68.9,5.2,25.9
Thamnodynastes.rutilus,5.25278072941487,4.27891633901905,0.44423630470261,0.529628085693212,81.5,8.5,10.1
Thamnodynastes.sertanejo,13.4698607302139,8.54474548283641,0.325863179845396,4.59925206753208,63.4,2.4,34.1
Thamnodynastes.strigatus,8.22127244891137,0.559473156038243,3.67145875110047,3.99034054177266,6.8,44.7,48.5
Tomodon.dorsatum,8.39043089720806,1.90834894274704,3.46985614097761,3.01222581348341,22.7,41.4,35.9
Tomodon.ocellatus,17.3234454549508,17.0436384434485,0.0658318545137823,0.213975156988486,98.4,0.4,1.2
Trachemys.dorbigni,17.1799114448188,17.1799114448188,0,0,100,0,0
Trilepida.brasiliensis,11.0210263161147,6.83578578346799,0.210471428351915,3.97476910429476,62,1.9,36.1
Trilepida.jani,6.86282407428544,5.14419991217682,0.0750907491139444,1.64353341299468,75,1.1,23.9
Trilepida.koppesi,5.18998119497857,4.32893967707799,0.314105334717648,0.546936183182926,83.4,6.1,10.5
Trilepida.salgueiroi,8.21021479990507,3.54113454048694,0.555770328431198,4.11330993098694,43.1,6.8,50.1
Tropidodryas.serra,7.5101700168634,1.05471547501775,1.64283645587328,4.81261808597238,14,21.9,64.1
Tropidodryas.striaticeps,8.81887212855992,0.182195634616489,1.45013414376936,7.18654235017406,2.1,16.4,81.5
Tropidophis.grapiuna,12.1727747350017,7.83215957748475,0.573366665857401,3.76724849165956,64.3,4.7,30.9
Tropidophis.paucisquamis,4.66271320617131,1.29858060142104,0.483157474096527,2.88097513065374,27.9,10.4,61.8
Tropidophis.preciosus,5.44562485431355,4.07311222456638,0.0827177609262723,1.2897948688209,74.8,1.5,23.7
Tropidurus.catalanensis,8.7523338241073,5.1265926795188,1.97956632862671,1.6461748159618,58.6,22.6,18.8
Tropidurus.erythrocephalus,12.8687619393228,11.701128278504,0.121350296911337,1.04628336390751,90.9,0.9,8.1
Tropidurus.etheridgei,6.25797793925648,0.748663387199981,1.18031066987464,4.32900388218186,12,18.9,69.2
Tropidurus.guarani,5.07832506818733,4.45276052727468,0.0539819591613922,0.571582581751257,87.7,1.1,11.3
Tropidurus.hispidus,9.15288635512695,4.14633976216414,0.717631293721547,4.28891529924126,45.3,7.8,46.9
Tropidurus.hygomi,14.4915144966503,10.5809690812535,0.581799532694426,3.3287458827024,73,4,23
Tropidurus.imbituba,9.98004888491383,9.98004888491383,0,0,100,0,0
Tropidurus.itambere,4.16020810253827,0.841279608432116,1.16292742980552,2.15600106430063,20.2,28,51.8
Tropidurus.montanus,8.36925936807702,6.36069014981002,0.445864317174898,1.56270490109209,76,5.3,18.7
Tropidurus.mucujensis,11.1005123296064,8.62817179116316,0.117079252214024,2.35526128622918,77.7,1.1,21.2
Tropidurus.oreadicus,8.70940581784979,8.19956632917312,0.0891193062304546,0.420720182446216,94.1,1,4.8
Tropidurus.semitaeniatus,14.9039416970933,9.63092054839558,0.901018660365727,4.37200248833195,64.6,6,29.3
Tropidurus.torquatus,8.00020391176056,0.014255792647213,1.54912567239259,6.43682244672075,0.2,19.4,80.5
Tupinambis.palustris,4.07849714358068,0.600522013982897,1.12015539140389,2.35781973819389,14.7,27.5,57.8
Tupinambis.quadrilineatus,9.45571324467827,9.45571324467827,0,0,100,0,0
Tupinambis.teguixin,5.97655422730535,1.88171029362911,1.7614701743984,2.33337375927784,31.5,29.5,39
Uromacerina.ricardinii,8.04498244767559,0.986060938955505,1.61134317403886,5.44757833468123,12.3,20,67.7
Urostrophus.vautieri,4.82639449448864,2.96345343423918,0.442284313288802,1.42065674696066,61.4,9.2,29.4
Urotheca.lateristriga,6.57050929520984,0.745067875608232,2.27247072851051,3.55297069109109,11.3,34.6,54.1
Vanzosaura.rubricauda,7.92786181218069,0.256471729677862,1.70372525323024,5.96766482927259,3.2,21.5,75.3
Xenodon.dorbignyi,14.4430218732123,11.8625049929561,0.520121538457947,2.0603953417982,82.1,3.6,14.3
Xenodon.guentheri,12.6196655616622,10.4976080826377,0.468138632722311,1.65391884630222,83.2,3.7,13.1
Xenodon.histricus,8.43167082689838,2.48250099775216,3.47373382436482,2.4754360047814,29.4,41.2,29.4
Xenodon.merremi,9,1.44950888883511e-28,0.623829849983159,8.37617015001684,0,6.9,93.1
Xenodon.nattereri,4.91226632829894,0.553154439205139,1.11993905352968,3.23917283556413,11.3,22.8,65.9
Xenodon.neuwiedii,8.52974932078953,0.0723372909856354,4.0132748250608,4.44413720474309,0.8,47.1,52.1
Xenodon.rabdocephalus,12.320845948592,8.01097170130548,1.49153581940729,2.8183384278792,65,12.1,22.9
Xenodon.severus,9.52967734542969,5.61378636897447,0.258893466277588,3.65699751017763,58.9,2.7,38.4
Xenopholis.scalaris,6.94852033801465,2.83251713009474,0.802976746744381,3.31302646117553,40.8,11.6,47.7
Xenopholis.undulatus,6.65492946478417,0.189665489185573,2.18133451347061,4.28392946212799,2.8,32.8,64.4
