inertia,OMI,Tol,Rtol,omi,tol,rtol
Amazona.aestiva,3.07030330342274,0.00472734166941511,0.571474277327593,2.49410168442574,0.2,18.6,81.2
Anodorhynchus.glaucus,5.76740339674107,5.61849543356432,0.0555695470747184,0.093338416102037,97.4,1,1.6
Aramides.cajaneus,3,1.29307926599744e-30,1.01871935780505,1.98128064219495,0,34,66
Arremon.flavirostris,2.30547094850526,0.0538631461475432,0.932722181041067,1.31888562131665,2.3,40.5,57.2
Campylopterus.largipennis,3.59480607167456,3.50479171977453,0.010190472146868,0.0798238797531577,97.5,0.3,2.2
Cichlocolaptes.mazarbarnetti,1.08825903801074,1.08825903801074,0,0,100,0,0
Columbina.cyanopis,3.15444080554924,3.15444080554924,0,0,100,0,0
Cotinga.maculata,2.0268156257549,0.946274029118988,0.509338185282334,0.571203411353574,46.7,25.1,28.2
Drymophila.genei,1.96685931856045,1.32853330727916,0.189399051333751,0.44892695994754,67.5,9.6,22.8
Elaenia.albiceps,3.02822408321489,0.00466350519367845,1.52463555959675,1.49892501842446,0.2,50.3,49.5
Eleothreptus.candicans,1.95424755679821,0.545860151758574,0.716099429835686,0.692287975203954,27.9,36.6,35.4
Formicivora.acutirostris,4.29863457793407,3.87491719495018,0.351538560738891,0.0721788222450037,90.1,8.2,1.7
Glaucidium.mooreorum,1.95709993978922,1.95709993978922,0,0,100,0,0
Harpagus.diodon,2.99947976576128,0.00114509532905847,1.21853272359927,1.77980194683295,0,40.6,59.3
Mergus.octosetaceus,3.06027398700916,0.114878519409744,2.30447666934545,0.640918798253966,3.8,75.3,20.9
Myrmotherula.snowi,2.31095836900176,2.14391482802704,0.112608557539863,0.0544349834348591,92.8,4.9,2.4
Nothura.maculosa,3.13269775512479,0.0403351816173413,2.44244243450392,0.649920139003525,1.3,78,20.7
Ortalis.guttata,2.41195354193376,2.26429533564668,0.0448050179625501,0.102853188324531,93.9,1.9,4.3
Ortalis.squamata,3.59125525320009,1.81708514460415,1.33387498349019,0.440295125105759,50.6,37.1,12.3
Philydor.novaesi,1.08825903801074,1.08825903801074,0,0,100,0,0
Sporophila.cinnamomea,3.36730069976032,0.445614880695814,2.33099150510681,0.5906943139577,13.2,69.2,17.5
Sporophila.maximiliani,2.46227212561619,1.48989784329485,0.383726729217272,0.588647553104071,60.5,15.6,23.9
Sporophila.melanogaster,3.18038006567024,0.128830227004003,0.730778721133367,2.32077111753287,4.1,23,73
Sporophila.palustris,3.47209327231689,0.497642161505673,2.23556935173784,0.738881759073374,14.3,64.4,21.3
Synallaxis.cinerea,1.77413940592749,0.263013332338292,0.0505543213112163,1.46057175227798,14.8,2.8,82.3
Taoniscus.nanus,2.39392588696778,1.72818574214284,0.397345444686405,0.268394700138527,72.2,16.6,11.2
Vireo.chivi,3,1.29307926599744e-30,1.01871935780505,1.98128064219495,0,34,66
Vireo.olivaceus,3,1.29307926599744e-30,1.01871935780505,1.98128064219495,0,34,66
Porphyriops.melanops,3.07651263992609,0.00102492810094645,0.747183092713044,2.3283046191121,0,24.3,75.7
Celeus.galeatus,2.79023521175952,0.649312527087133,1.39077519610386,0.750147488568533,23.3,49.8,26.9
Guyramemua.affinis,3.20237885886375,2.83303913838908,0.0710912169919092,0.298248503482764,88.5,2.2,9.3
Paraclaravis.geoffroyi,2.87678771077384,0.119335444585443,0.810659901074801,1.9467923651136,4.1,28.2,67.7
Chaetura.meridionalis,3,1.29307926599744e-30,1.01871935780505,1.98128064219495,0,34,66
Chlorostilbon.lucidus,3,1.29307926599744e-30,1.01871935780505,1.98128064219495,0,34,66
Fulica.armillata,3.09674240154967,1.56015914101954,1.16129311879931,0.375290141730815,50.4,37.5,12.1
Chelidoptera.tenebrosa,2.52937339095594,1.46412493759524,0.339939517958428,0.725308935402278,57.9,13.4,28.7
Chloroceryle.inda,1.78291286174826,0.0160681865215381,0.695922393015655,1.07092228221107,0.9,39,60.1
Chlorostilbon.notatus,1.93793161513352,0.885307662938394,0.207048273925611,0.845575678269515,45.7,10.7,43.6
Chondrohierax.uncinatus,2.05452558911377,0.374927026826166,1.13962935482022,0.539969207467381,18.2,55.5,26.3
Chordeiles.minor,3,1.29307926599744e-30,1.01871935780505,1.98128064219495,0,34,66
Chordeiles.nacunda,3,1.29307926599744e-30,1.01871935780505,1.98128064219495,0,34,66
Chrysolampis.mosquitus,2.40695627400327,1.25151475125036,0.449352906725133,0.706088616027779,52,18.7,29.3
Ciccaba.huhula,2.86141813591451,0.154556326027021,0.681345745904801,2.02551606398269,5.4,23.8,70.8
Ciccaba.virgata,3.01162586517156,0.0291487020854149,1.56075311016831,1.42172405291784,1,51.8,47.2
Ciconia.maguari,3.84486017832719,1.36157917578105,1.49810411009621,0.985176892449934,35.4,39,25.6
Circus.buffoni,3.06993809040908,0.0128405925856058,1.35371170884131,1.70338578898216,0.4,44.1,55.5
Circus.cinereus,5.37891976141481,5.13838204997837,0.0549965134880688,0.185541197948374,95.5,1,3.4
Clytolaema.rubricauda,2.6454235569632,0.364346933602688,0.463799430948451,1.81727719241206,13.8,17.5,68.7
Coccycua.cinerea,3.81970528157725,1.06060278659661,1.72589583496222,1.03320666001842,27.8,45.2,27
Coccyzus.euleri,2.46644173545112,0.149178952305425,1.59549597008343,0.721766813062267,6,64.7,29.3
Coccyzus.americanus,3,1.29307926599744e-30,1.01871935780505,1.98128064219495,0,34,66
Colaptes.campestris,2.6808607689267,0.0595868188856504,1.9526110705214,0.668662879519641,2.2,72.8,24.9
Colaptes.campestroides,5.88388153651222,5.1449503126566,0.279874765715131,0.459056458140488,87.4,4.8,7.8
Colaptes.melanochloros,3,1.29307926599744e-30,1.01871935780505,1.98128064219495,0,34,66
Colibri.serrirostris,2.1000142996426,0.569086168639717,0.918027239643882,0.612900891359002,27.1,43.7,29.2
Platyrinchus.mystaceus,2.99239394082155,3.37972529535991e-05,2.25475569489285,0.737604448675749,0,75.3,24.6
Columbina.picui,4.09402995557841,2.33986207493252,1.02390107908452,0.730266801561371,57.2,25,17.8
Columbina.squammata,2.6294261214221,0.110446712026424,1.66410974566922,0.854869663726453,4.2,63.3,32.5
Coscoroba.coscoroba,3.28128814056673,0.822451603049344,1.89395328826677,0.564883249250616,25.1,57.7,17.2
Coturnicops.notatus,4.79928551237759,3.26934305350222,1.05198533684848,0.477957122026895,68.1,21.9,10
Crax.blumenbachii,2.04851380444439,0.914171727173512,0.449587143921958,0.684754933348921,44.6,21.9,33.4
Crax.fasciolata,2.08804098350454,0.958544335791632,0.477746973016441,0.651749674696471,45.9,22.9,31.2
Crotophaga.major,2.39193518950876,0.222958452994969,1.3675297414933,0.801446995020487,9.3,57.2,33.5
Crypturellus.noctivagus,3.09582228921292,0.113556091052219,0.852004766849154,2.13026143131154,3.7,27.5,68.8
Crypturellus.obsoletus,3.02960631748315,0.0596611572820116,1.86642495099256,1.10352020920858,2,61.6,36.4
Crypturellus.parvirostris,2.34806582996635,0.337335818827123,1.17514804578278,0.835581965356446,14.4,50,35.6
Crypturellus.undulatus,1.80790821632964,0.763900455636906,0.48375453586835,0.56025322482438,42.3,26.8,31
Crypturellus.variegatus,1.99658212283113,0.82873229206023,0.399649580373165,0.76820025039773,41.5,20,38.5
Cygnus.melancoryphus,3.60036515830138,1.55360275495205,1.57273641061012,0.474025992739211,43.2,43.7,13.2
Dendrocygna.viduata,3,1.29307926599744e-30,1.01871935780505,1.98128064219495,0,34,66
Cypseloides.fumigatus,2.93761557194048,0.00264886321933566,0.787642442946109,2.14732426577503,0.1,26.8,73.1
Cypseloides.senex,2.61957136965536,0.02492101624129,0.560762181140415,2.03388817227366,1,21.4,77.6
Discosura.longicaudus,1.94695780667417,0.815221092816675,0.242220795382106,0.889515918475388,41.9,12.4,45.7
Fulica.leucoptera,6.13764766999683,5.73586331953539,0.053429512425471,0.348354838035971,93.5,0.9,5.7
Diopsittaca.cumanensis,2.20499375025195,0.920279589162673,0.602654508838047,0.682059652251233,41.7,27.3,30.9
Discosura.langsdorffi,1.82161326439014,0.704587103729566,0.327280434902364,0.789745725758212,38.7,18,43.4
Dromococcyx.pavoninus,2.27319184561082,0.0195556388445384,1.60342062808058,0.650215578685694,0.9,70.5,28.6
Elanoides.forficatus,3,1.29307926599744e-30,1.01871935780505,1.98128064219495,0,34,66
Eleothreptus.anomalus,3.64598755769394,0.719044351540039,2.02028366897365,0.906659537180252,19.7,55.4,24.9
Nycticryphes.semicollaris,3.38050048628463,1.25950314082388,1.45495691298999,0.666040432470759,37.3,43,19.7
Lophornis.chalybeus,2.10099408247784,0.436261888478786,0.380993910574614,1.28373828342444,20.8,18.1,61.1
Eudocimus.ruber,1.55735041175359,0.545714027541547,0.349871399054258,0.661764985157783,35,22.5,42.5
Eupetomena.macroura,2.7007268192125,0.0532078941978646,1.98241295867343,0.665105966341207,2,73.4,24.6
Eupsittula.aurea,2.15576138722819,0.782045307000397,0.558741797727387,0.814974282500405,36.3,25.9,37.8
Eupsittula.cactorum,2.74257281644558,1.61114931497496,0.617865030614428,0.51355847085619,58.7,22.5,18.7
Falco.rufigularis,2.65354042694404,2.03776830616371,0.507051301214211,0.108720819566114,76.8,19.1,4.1
Florisuga.fusca,2.86279079032324,0.261469932295166,0.696525360406656,1.90479549762142,9.1,24.3,66.5
Fulica.rufifrons,4.02192940111989,3.32046236902911,0.582899982127592,0.118567049963191,82.6,14.5,2.9
Thlypopsis.pyrrhocoma,3.75628945691673,1.50436328348625,1.71253809251607,0.539388080914414,40,45.6,14.4
Gallinago.undulata,3.08165960199614,0.113533893733923,2.25789634125241,0.710229367009807,3.7,73.3,23
Gampsonyx.swainsonii,2.32701578793826,0.425624984064025,1.06133662500942,0.840054178864816,18.3,45.6,36.1
Geranoaetus.albicaudatus,3,1.29307926599744e-30,1.01871935780505,1.98128064219495,0,34,66
Geranoaetus.melanoleucus,3.56176723338611,0.290121989323854,2.61119384890603,0.66045139515622,8.1,73.3,18.5
Glaucis.dohrnii,1.73016102976661,0.671728303328734,0.251165711521031,0.807267014916844,38.8,14.5,46.7
Glaucis.hirsutus,2.08927337802147,0.928761042511924,0.506526495586822,0.653985839922724,44.5,24.2,31.3
Spinus.magellanicus,3.30529139553485,0.1454381616667,2.41127011297009,0.748583120898056,4.4,73,22.6
Guira.guira,3,1.29307926599744e-30,1.01871935780505,1.98128064219495,0,34,66
Pionopsitta.pileata,3.50156425912688,0.916453758235102,2.02672654070656,0.558383960185212,26.2,57.9,15.9
Heliactin.bilophus,2.39961469002645,1.46480629637816,0.390177449278621,0.544630944369667,61,16.3,22.7
Pionus.maximiliani,2.95798219186757,0.00147852757153419,2.30601676204921,0.650486902246821,0,78,22
Pionus.reichenowi,2.0058641743012,1.05587708375406,0.135506354351722,0.814480736195416,52.6,6.8,40.6
Heliomaster.furcifer,4.00575591350026,1.25923131469069,1.92426998263603,0.822254616173545,31.4,48,20.5
Heliomaster.squamosus,2.54266717550187,1.58477065600737,0.368098506353393,0.589798013141105,62.3,14.5,23.2
Heliothryx.auritus,2.06162854328366,0.935417691849205,0.683081581419281,0.443129270015175,45.4,33.1,21.5
Hoploxypterus.cayanus,2.38391731594415,0.208514638019047,1.45022650777992,0.725176170145188,8.7,60.8,30.4
Hydropsalis.maculicaudus,2.42263902229773,1.36670040231006,0.537243064435554,0.518695555552112,56.4,22.2,21.4
Hydropsalis.torquata,3.1460584555017,0.0187008481831631,2.44508567623126,0.682271931087281,0.6,77.7,21.7
Ibycter.americanus,3.46581768754363,3.44426787942554,0.0200509778934839,0.0014988302246019,99.4,0.6,0
Hylocharis.chrysura,2.48301457995381,0.0580948704546842,0.697126154088698,1.72779355541043,2.3,28.1,69.6
Hylocharis.cyanus,1.95674931253396,0.502522871468919,0.711467250779315,0.742759190285722,25.7,36.4,38
Ictinia.mississippiensis,0.562741394617869,0.496054615807955,0.00354485609668793,0.0631419227132259,88.1,0.6,11.2
Ictinia.plumbea,2.06151859444627,0.783362498927777,0.533954285755361,0.744201809763132,38,25.9,36.1
Pyriglena.leuconota,2.30842098748215,2.02695487340597,0.106574046365414,0.174892067710765,87.8,4.6,7.6
Ixobrychus.exilis,3.04991384602418,0.389393136792734,1.71607129455199,0.944449414679453,12.8,56.3,31
Ixobrychus.involucris,3.29323971845932,1.05140184255755,1.3791488319354,0.862689043966373,31.9,41.9,26.2
Jacamaralcyon.tridactyla,1.94369511103561,0.709118675580856,0.68123268385384,0.55334375160091,36.5,35,28.5
Jacana.jacana,3,1.29307926599744e-30,1.01871935780505,1.98128064219495,0,34,66
Sittasomus.griseicapillus,3,1.29307926599744e-30,1.01871935780505,1.98128064219495,0,34,66
Anabacerthia.amaurotis,3.6790632732517,1.23323714184162,1.79004633910264,0.655779792307443,33.5,48.7,17.8
Alectrurus.risora,2.70779063775327,0.201099227946664,0.129285384747923,2.37740602505868,7.4,4.8,87.8
Antilophia.galeata,2.0212465692018,1.03906457691873,0.401020841991576,0.581161150291495,51.4,19.8,28.8
Malacoptila.striata,1.94277909572179,0.391816455400934,0.963296103580321,0.587666536740531,20.2,49.6,30.2
Myiothlypis.leucophrys,2.61699841321915,2.0043661824324,0.135098815836744,0.477533414950007,76.6,5.2,18.2
Batara.cinerea,3.78650377411975,1.56992317981483,1.67179370946824,0.54478688483668,41.5,44.2,14.4
Mareca.sibilatrix,5.78862240497221,5.1131496929148,0.25782123179064,0.417651480266775,88.3,4.5,7.2
Cacicus.solitarius,2.31242201684769,0.804559180739172,0.330480529648983,1.17738230645953,34.8,14.3,50.9
Calyptura.cristata,1.30904110489098,0.662110332642116,0.25817954557312,0.388751226675739,50.6,19.7,29.7
Carpornis.cucullata,2.94522775979563,0.57429073506354,0.942233961048931,1.42870306368316,19.5,32,48.5
Casiornis.rufus,1.87891888682012,0.740271471814537,0.533656898192351,0.604990516813229,39.4,28.4,32.2
Casiornis.fuscus,2.33579769863928,2.04768735698303,0.100793235717827,0.187317105938423,87.7,4.3,8
Cercomacroides.laeta,1.67992333356283,1.52095080167647,0.0527714189687935,0.106201112917569,90.5,3.1,6.3
Clibanornis.dendrocolaptoides,4.06451471702558,2.46884516030332,1.07242002117396,0.523249535548293,60.7,26.4,12.9
Colonia.colonus,2.87100701747616,0.00664288468803776,1.80473183063584,1.05963230215228,0.2,62.9,36.9
Pogonotriccus.eximius,3.00692281285709,0.0639246860561501,1.6789347217575,1.26406340504344,2.1,55.8,42
Cranioleuca.semicinerea,2.43367059261076,1.21674388479591,0.262011641997334,0.954915065817523,50,10.8,39.2
Cyanocorax.cyanopogon,2.70791332159841,1.43892232499266,0.516894253065166,0.752096743540578,53.1,19.1,27.8
Anumara.forbesi,2.20687757162551,1.86033091483777,0.0737432419431199,0.27280341484462,84.3,3.3,12.4
Cyanoloxia.brissonii,3,1.29307926599744e-30,1.01871935780505,1.98128064219495,0,34,66
Cyanoloxia.glaucocaerulea,3.56278128044686,1.04319908675363,1.87544647880486,0.644135714888371,29.3,52.6,18.1
Dacnis.cayana,0.384637934016681,0.384637934016681,0,0,100,0,0
Phleocryptes.melanops,4.39341001194995,2.90921105540463,1.11643782591206,0.367761130633254,66.2,25.4,8.4
Dysithamnus.stictothorax,2.99828247300154,0.113397287283505,0.704867382344246,2.18001780337379,3.8,23.5,72.7
Drymophila.rubricollis,3.10542058091688,1.19404670112371,1.32781675137043,0.583557128422736,38.5,42.8,18.8
Elaenia.parvirostris,3.61129320288188,0.750530751070518,2.14929670968865,0.71146574212271,20.8,59.5,19.7
Griseotyrannus.aurantioatrocristatus,3.92183879614094,2.31736039078954,1.01847381960806,0.58600458574334,59.1,26,14.9
Euphonia.violacea,2.75953795676135,0.0183604484803825,2.05765987516124,0.683517633119728,0.7,74.6,24.8
Fluvicola.albiventer,2.07003015556344,1.35689022043724,0.211032112610942,0.502107822515261,65.5,10.2,24.3
Formicivora.iheringi,2.01967790546505,1.63889392611766,0.263262922025996,0.117521057321403,81.1,13,5.8
Furnarius.rufus,3.12856601697815,0.0155369556575804,0.9971360951016,2.11589296621897,0.5,31.9,67.6
Geositta.cunicularia,6.23607255158551,5.82516376016564,0.109394682021373,0.301514109398501,93.4,1.8,4.8
Herpsilochmus.sellowi,2.60426280672105,1.3178710619749,0.479401529603065,0.806990215143091,50.6,18.4,31
Hemitriccus.obsoletus,4.99714365376124,3.17465272850831,1.26058133225392,0.561909592999016,63.5,25.2,11.2
Hemitriccus.diops,2.69722188204753,0.0615957517919141,0.499851559192575,2.13577457106304,2.3,18.5,79.2
Hemitriccus.furcatus,1.5021379495125,0.618774715457127,0.474273661384067,0.409089572671308,41.2,31.6,27.2
Herpsilochmus.atricapillus,2.2585928825729,0.98923503322471,0.501464045395304,0.767893803952883,43.8,22.2,34
Hemitriccus.kaempferi,3.95610975394923,3.74441989210065,0.146141167531471,0.0655486943171166,94.6,3.7,1.7
Hemitriccus.nidipendulus,1.83919047082219,0.920164203330788,0.49350236976593,0.425523897725476,50,26.8,23.1
Castanozoster.thoracicus,3.24540997700616,1.11914053261605,0.987640266265534,1.13862917812458,34.5,30.4,35.1
Hylopezus.nattereri,4.2174438849345,2.60624531350564,1.08558247680828,0.525616094620572,61.8,25.7,12.5
Hylopezus.ochroleucus,2.57099214065161,0.996032872761944,0.650181295533353,0.924777972356317,38.7,25.3,36
Hymenops.perspicillatus,3.86979217089289,2.04115665536018,1.20268010717214,0.625955408360579,52.7,31.1,16.2
Larus.cirrocephalus,3,1.29307926599744e-30,1.01871935780505,1.98128064219495,0,34,66
Larus.maculipennis,2.35850595238873,0.0644651625917437,0.652529333907831,1.64151145588915,2.7,27.7,69.6
Laterallus.leucopyrrhus,3.77641037683365,1.16160074879458,1.97771398082526,0.637095647213807,30.8,52.4,16.9
Laterallus.melanophaius,3,1.29307926599744e-30,1.01871935780505,1.98128064219495,0,34,66
Laterallus.xenopterus,1.99427334301146,0.547256630218638,0.737223573726022,0.709793139066804,27.4,37,35.6
Leptotila.rufaxilla,3,1.29307926599744e-30,1.01871935780505,1.98128064219495,0,34,66
Leucochloris.albicollis,3.14430317808659,0.0862059354185403,2.28709905191833,0.770998190749722,2.7,72.7,24.5
Limosa.haemastica,5.79852809004422,5.31084177661538,0.176746023198637,0.31094029023021,91.6,3,5.4
Lophornis.magnificus,2.91912606402563,0.0284497178589433,1.71443383610195,1.17624251006474,1,58.7,40.3
Myrmoderus.loricatus,1.78558507039332,0.886210197878609,0.417350526900984,0.482024345613722,49.6,23.4,27
Rhopias.gularis,2.54666739581318,0.116090980762771,1.23613464423024,1.19444177082017,4.6,48.5,46.9
Stigmatura.bahiae,2.24369214578393,1.27772233014624,0.167265436486869,0.798704379150824,56.9,7.5,35.6
Pseudopipra.pipra,1.82849075471308,0.582594857547916,0.189734149987074,1.05616174717809,31.9,10.4,57.8
Ceratopipra.rubrocapilla,1.98279222363955,0.872054044288146,0.207430391520333,0.90330778783107,44,10.5,45.6
Philohydor.lictor,2.09469971641919,1.20037520836825,0.255013607168112,0.639310900882822,57.3,12.2,30.5
Mesembrinibis.cayennensis,2.85953867466102,0.013553107882562,1.67391765560074,1.17206791117772,0.5,58.5,41
Microspingus.lateralis,2.09146229078954,1.65902322496254,0.0758631066595632,0.356575959167435,79.3,3.6,17
Sporophila.nigricollis,2.32972285696655,0.231010302095439,1.40531777720429,0.693394777666815,9.9,60.3,29.8
Tangara.ornata,2.12821857832377,0.472131404680855,1.02471198391465,0.63137518972827,22.2,48.1,29.7
Tangara.sayaca,3,1.29307926599744e-30,1.01871935780505,1.98128064219495,0,34,66
Notharchus.swainsoni,2.29122106808977,0.0478028344435871,1.61119420992227,0.632224023723915,2.1,70.3,27.6
Xenops.rutilus,2.99628765370719,1.65426265167598e-05,2.10867346340583,0.887597647674842,0,70.4,29.6
Macropsalis.forcipata,3.96547680875241,0.728887285326732,1.65813618846157,1.5784533349641,18.4,41.8,39.8
Megascops.choliba,3,1.29307926599744e-30,1.01871935780505,1.98128064219495,0,34,66
Megascops.atricapilla,2.48800564134275,0.000232193393390858,0.913809063841333,1.57396438410802,0,36.7,63.3
Megascops.sanctaecatarinae,6.24116094309451,5.68723449267774,0.135723083377836,0.418203367038925,91.1,2.2,6.7
Melanerpes.flavifrons,3.03311026246798,0.0216735674858243,2.33402263948631,0.677414055495847,0.7,77,22.3
Melanerpes.candidus,2.94349267717018,0.00173645001084942,0.469875909788784,2.47188031737055,0.1,16,84
Systellura.longirostris,3.32562113755552,0.401195188433959,0.261682326904405,2.66274362221715,12.1,7.9,80.1
Mitu.mitu,2.29024317066457,2.29024317066457,0,0,100,0,0
Neocrex.erythrops,1.8520989586851,0.594678217689009,0.360336111078968,0.897084629917123,32.1,19.5,48.4
Neomorphus.geoffroyi,2.36433895613735,1.10753077134325,0.567460548932344,0.689347635861763,46.8,24,29.2
Micrastur.mintoni,1.79751430249938,0.780781893282897,0.128873659182495,0.887858750033987,43.4,7.2,49.4
Micrastur.mirandollei,1.50341066215374,1.48721610330219,0.0094672989247499,0.00672725992679719,98.9,0.6,0.4
Micrastur.semitorquatus,2.95595526382378,0.00120653638898638,2.30709667003649,0.647652057398304,0,78,21.9
Micropygia.schomburgkii,2.40506642466709,1.32472135145038,0.491814574070463,0.588530499146243,55.1,20.4,24.5
Milvago.chimachima,3,1.29307926599744e-30,1.01871935780505,1.98128064219495,0,34,66
Momotus.momota,2.36420665270278,1.98625791804874,0.167087944209459,0.210860790444579,84,7.1,8.9
Monasa.morphoeus,1.77890663589342,0.659552419977372,0.101494804184814,1.01785941173124,37.1,5.7,57.2
Monasa.nigrifrons,2.93390129593004,2.4678772102686,0.226356574519774,0.239667511141659,84.1,7.7,8.2
Nomonyx.dominicus,3,1.29307926599744e-30,1.01871935780505,1.98128064219495,0,34,66
Nonnula.rubecula,2.53691437476467,0.098222975380943,1.85619895175558,0.582492447628153,3.9,73.2,23
Nothura.boraquira,2.82731769215841,1.84730539121937,0.465545401910977,0.514466899028056,65.3,16.5,18.2
Numenius.borealis,6.39968517435274,6.0685401973619,0.0575457921763377,0.273599184814499,94.8,0.9,4.3
Nyctibius.aethereus,2.14104412892313,0.08963669020199,1.47355514732612,0.577852291395027,4.2,68.8,27
Nyctibius.leucopterus,1.79957781066215,0.684961431815456,0.146903388802464,0.967712990044227,38.1,8.2,53.8
Nyctipolus.hirundinaceus,2.04494410396261,1.12273562094446,0.16962332256442,0.752585160453728,54.9,8.3,36.8
Nystalus.chacuru,2.83662323706503,0.00961212239602794,2.11783970902583,0.709171405643175,0.3,74.7,25
Nystalus.maculatus,2.76077561831892,1.54218159842372,0.321489524436669,0.897104495458527,55.9,11.6,32.5
Odontophorus.capueira,2.98107071243268,0.00444991345180318,1.87034793932327,1.10627285965761,0.1,62.7,37.1
Oxyura.vittata,5.29879818633184,5.05214268862296,0.0867982003702404,0.159857297338638,95.3,1.6,3
Pardirallus.nigricans,3,1.29307926599744e-30,1.01871935780505,1.98128064219495,0,34,66
Pardirallus.sanguinolentus,4.2589555593909,2.33647085138507,1.43000626715163,0.492478440854208,54.9,33.6,11.6
Porphyrio.flavirostris,2.16460511994843,0.384401165669672,0.755669632992396,1.02453432128636,17.8,34.9,47.3
Patagioenas.maculosa,3.79830549618379,1.86985266021494,1.23317533307823,0.695277502890623,49.2,32.5,18.3
Penelope.superciliaris,2.91115469902997,0.00546347067086142,2.22835506078173,0.67733616757738,0.2,76.5,23.3
Patagioenas.picazuro,3.13072318934627,0.0169133122898806,0.89648737457349,2.2173225024829,0.5,28.6,70.8
Patagioenas.plumbea,3.00065769038126,0.125849557591196,0.624761188040354,2.25004694474971,4.2,20.8,75
Patagioenas.speciosa,2.34181623445621,0.0634744428551835,0.943393629935276,1.33494816166575,2.7,40.3,57
Vanellus.chilensis,3,1.29307926599744e-30,1.01871935780505,1.98128064219495,0,34,66
Penelope.obscura,3.81036276694287,1.17252645673345,1.86263096275677,0.775205347452643,30.8,48.9,20.3
Penelope.jacucaca,1.82511972939033,1.11586957042291,0.0812130472197981,0.628037111747621,61.1,4.4,34.4
Phaethornis.eurynome,2.9351504919104,0.148246187192823,1.95732072120505,0.829583583512534,5.1,66.7,28.3
Veniliornis.affinis,1.67947153570384,0.746782610870074,0.146281219367007,0.786407705466763,44.5,8.7,46.8
Phaethornis.idaliae,1.97997384279997,0.923171981134565,0.418349264997537,0.63845259666787,46.6,21.1,32.2
Phaethornis.malaris,1.93260093398924,0.946500281607894,0.174912622272758,0.811188030108588,49,9.1,42
Phaethornis.pretrei,2.22226708734365,0.438454376842221,1.11914839763532,0.664664312866107,19.7,50.4,29.9
Phaethornis.ruber,2.3176307593147,1.04406412070934,0.601470665399617,0.67209597320574,45,26,29
Phaethornis.squalidus,2.30102220370618,0.439108861002435,0.929967258412255,0.931946084291493,19.1,40.4,40.5
Phaetusa.simplex,3,1.29307926599744e-30,1.01871935780505,1.98128064219495,0,34,66
Phimosus.infuscatus,3.19912962475368,0.0941027776763736,2.24365519746755,0.861371649609758,2.9,70.1,26.9
Phacellodomus.ferrugineigula,3.62223281412723,0.652559050672917,1.43761030830921,1.5320634551451,18,39.7,42.3
Phacellodomus.rufifrons,2.18859283174144,0.896419357955864,0.528661921206453,0.763511552579122,41,24.2,34.9
Piculus.flavigula,1.92209273134851,0.763733533196534,0.658259922944821,0.500099275207153,39.7,34.2,26
Picumnus.albosquamatus,1.80875830849747,0.828411275741729,0.48573777856469,0.494609254191055,45.8,26.9,27.3
Picumnus.cirratus,1.8944144188895,0.501639939359844,0.791620588347471,0.601153891182187,26.5,41.8,31.7
Picumnus.exilis,1.96569825738146,0.99880393460633,0.120876938817359,0.846017383957771,50.8,6.1,43
Picumnus.fulvescens,2.15947328190149,1.86268673821441,0.116210125990302,0.180576417696779,86.3,5.4,8.4
Picumnus.nebulosus,5.46944489181193,4.6430615626002,0.417070969790499,0.409312359421238,84.9,7.6,7.5
Picumnus.temminckii,4.05574059524768,2.51314562111866,1.10824463088342,0.4343503432456,62,27.3,10.7
Picumnus.pygmaeus,2.18282781276768,1.18959175096919,0.190854368814385,0.802381692984102,54.5,8.7,36.8
Pilherodius.pileatus,2.13896094460971,0.903157097845069,0.493878635564148,0.741925211200496,42.2,23.1,34.7
Pipile.cumanensis,4.3658111259713,4.3658111259713,0,0,100,0,0
Plegadis.chihi,3.31191166871946,0.509327893321377,2.27160678834841,0.530976987049669,15.4,68.6,16
Pluvialis.dominica,5.80162568158672,5.19648559109885,0.230203288373077,0.374936802114792,89.6,4,6.5
Podiceps.major,6.08700067347235,5.75298872478693,0.0848715238200784,0.249140424865346,94.5,1.4,4.1
Porzana.albicollis,3,1.29307926599744e-30,1.01871935780505,1.98128064219495,0,34,66
Primolius.maracana,2.98438628335,0.00650040737999666,0.700983585081657,2.27690229088834,0.2,23.5,76.3
Psittacara.leucophthalmus,3.05825003889013,0.022405647693519,2.05279365384505,0.983050737351556,0.7,67.1,32.1
Pteroglossus.aracari,2.10311969355763,0.293952454425744,1.08964942483313,0.719517814298756,14,51.8,34.2
Pteroglossus.bailloni,2.59144434366578,0.0633537649357585,1.82958743673681,0.698503141993209,2.4,70.6,27
Pteroglossus.castanotis,2.89396009889238,0.383965750758786,0.272197280645871,2.23779706748773,13.3,9.4,77.3
Pteroglossus.inscriptus,2.15947328190149,1.86268673821441,0.116210125990302,0.180576417696779,86.3,5.4,8.4
Rhea.americana,3,1.29307926599744e-30,1.01871935780505,1.98128064219495,0,34,66
Pyrrhura.cruentata,2.12178972243743,1.03384342615125,0.550010765574644,0.537935530711533,48.7,25.9,25.4
Pyrrhura.frontalis,3.05869742289718,0.0395561035362577,1.31931466652509,1.69982665283583,1.3,43.1,55.6
Pyrrhura.leucotis,2.24782313229355,1.14930436541455,0.581429145778769,0.517089621100233,51.1,25.9,23
Rallus.longirostris,2.05007316465294,0.192631239567453,0.86803344695964,0.989408478125849,9.4,42.3,48.3
Ramphastos.ariel,2.14066012914168,0.344788409124104,1.04183506856597,0.754036651451604,16.1,48.7,35.2
Ramphastos.culminatus,3.54858090230802,3.46153216191789,0.021707741328771,0.0653409990613566,97.5,0.6,1.8
Ramphastos.dicolorus,3.20053874705346,0.101019721812534,2.31327143482911,0.786247590411816,3.2,72.3,24.6
Ramphastos.toco,3.20780792879746,0.130818374235444,2.34106268969694,0.735926864865077,4.1,73,22.9
Rhynchotus.rufescens,3.00018025978075,1.57315477118223e-05,1.82678195722115,1.17338257101189,0,60.9,39.1
Rostrhamus.sociabilis,6.40400050508276,6.12108333019928,0.047303942353968,0.235613232529512,95.6,0.7,3.7
Rufirallus.viridis,1.98542944481127,0.703184198147803,0.44266552676602,0.839579719897444,35.4,22.3,42.3
Rupornis.magnirostris,0.384637934016681,0.384637934016681,0,0,100,0,0
Sarkidiornis.sylvicola,3,1.29307926599744e-30,1.01871935780505,1.98128064219495,0,34,66
Selenidera.maculirostris,2.85264315621052,0.0524808127427169,1.23951606302609,1.56064628044171,1.8,43.5,54.7
Setopagis.parvula,2.7733216682711,0.0371601248615876,1.86447417227489,0.871687371134623,1.3,67.2,31.4
Spatula.platalea,6.04864361607474,5.84082342033382,0.0825434261173729,0.125276769623546,96.6,1.4,2.1
Spatula.versicolor,3.66721808880077,1.93588757956542,1.23167111559668,0.499659393638677,52.8,33.6,13.6
Spizaetus.ornatus,2.98361911206102,0.105384343417971,2.23313195263003,0.645102816013012,3.5,74.8,21.6
Spizaetus.tyrannus,3.2826933655198,0.349150424190734,2.17266967396677,0.76087326736229,10.6,66.2,23.2
Steganopus.tricolor,4.33400449254019,3.48159362532868,0.579094294737941,0.273316572473573,80.3,13.4,6.3
Stephanoxis.lalandi,2.10743608207628,1.38850556975111,0.206834464619707,0.512096047705465,65.9,9.8,24.3
Stephanoxis.loddigesii,3.54732208167716,1.2540083645013,1.6807742483583,0.612539468817557,35.4,47.4,17.3
Sterna.hirundinacea,2.23853407106311,1.31157148779163,0.160854592770602,0.766107990500878,58.6,7.2,34.2
Sterna.trudeaui,2.91111424410967,1.56346175418959,0.925260871494538,0.422391618425544,53.7,31.8,14.5
Sternula.superciliaris,3.25689295669164,0.0813103899536271,2.15104432721375,1.02453823952426,2.5,66,31.5
Strix.hylophila,3.76917764978695,1.17591795209613,1.82585833778731,0.767401359903499,31.2,48.4,20.4
Syrigma.sibilatrix,3.37895387143581,0.630520332979399,2.16449615650809,0.58393738194832,18.7,64.1,17.3
Tachornis.squamata,3.06691791444519,2.87783471563012,0.0850698605829594,0.104013338232117,93.8,2.8,3.4
Thalurania.watertonii,2.4649792868883,1.92663215784229,0.0757026125684657,0.462644516477546,78.2,3.1,18.8
Tigrisoma.lineatum,3,1.29307926599744e-30,1.01871935780505,1.98128064219495,0,34,66
Trogon.curucui,2.21038628552164,1.19054477314621,0.194136448243416,0.82570506413202,53.9,8.8,37.4
Touit.melanonotus,1.32914337337829,0.26261790009043,0.5135594783728,0.552965994915061,19.8,38.6,41.6
Touit.surdus,1.67691373317505,0.246907723332182,0.577165427853094,0.852840581989776,14.7,34.4,50.9
Triclaria.malachitacea,2.94889275117214,0.406190459022797,2.09462157806549,0.448080714083858,13.8,71,15.2
Trogon.aurantius,2.08835206302145,1.30020115184637,0.418829757010784,0.369321154164298,62.3,20.1,17.7
Uropelia.campestris,3.82322708618887,3.76321666820265,0.0163846307624199,0.0436257872237981,98.4,0.4,1.1
Trogon.surrucura,3.25337784438873,0.251560311762638,2.44053504729252,0.561282485333567,7.7,75,17.3
Trogon.viridis,1.93871092944261,0.455322674856681,0.901594194933045,0.581794059652886,23.5,46.5,30
Veniliornis.maculifrons,2.12960304713112,0.985603405454872,0.572686744427814,0.571312897248434,46.3,26.9,26.8
Veniliornis.mixtus,3.50109539872498,2.97320938563006,0.0490344386120019,0.478851574482917,84.9,1.4,13.7
Anthus.lutescens,3,1.29307926599744e-30,1.01871935780505,1.98128064219495,0,34,66
Conopophaga.cearae,2.27683247460853,2.00754318558365,0.113696464692867,0.155592824332017,88.2,5,6.8
Conopophaga.lineata,3.07339082731116,0.0202011258548544,0.771907789778787,2.28128191167752,0.7,25.1,74.2
Contopus.cinereus,2.73182340044038,0.0388556034991265,1.95454333108639,0.738424465854871,1.4,71.5,27
Cichlocolaptes.holti,2.30019274633726,0.950476140650518,0.67377899719924,0.675937608487497,41.3,29.3,29.4
Cichlocolaptes.leucophrus,1.63657372125429,1.15933386932969,0.157058399932669,0.320181451991933,70.8,9.6,19.6
Cichlopsis.leucogenys,1.76116667699492,0.648947505322992,0.232739244779056,0.879479926892876,36.8,13.2,49.9
Dendrocincla.turdina,2.89290591205142,0.0162697736937672,2.11144582130283,0.765190317054831,0.6,73,26.5
Formicivora.paludicola,0.984083249594552,0.816964339534567,0.0229204048998262,0.144198505160158,83,2.3,14.7
Elaenia.chiriquensis,2.02679828157111,0.390505699495678,0.881300048612706,0.754992533462722,19.3,43.5,37.3
Elaenia.sordida,3.14417890979845,0.0252914320649598,1.05604821619531,2.06283926153818,0.8,33.6,65.6
Furnarius.leucopus,2.74833795258107,1.90432599854139,0.268821482134103,0.575190471905583,69.3,9.8,20.9
Euscarthmus.meloryphus,2.99683106467292,2.35023020223443e-05,2.26369851370862,0.733109048662282,0,75.5,24.5
Formicivora.grisea,1.96482267344491,0.778339362937214,0.278626819976849,0.907856490530843,39.6,14.2,46.2
Formicivora.serrana,2.72056867914319,2.3252981907895,0.159643727525361,0.235626760828325,85.5,5.9,8.7
Herpsilochmus.rufimarginatus,2.14385727335005,0.00821210515905085,1.50671580292734,0.62892936526366,0.4,70.3,29.3
Hylophilus.thoracicus,2.0576977208129,1.0051869678963,0.617266432872312,0.435244320044297,48.9,30,21.2
Laniisoma.elegans,1.89997193440617,0.571595745681577,0.736762701313856,0.591613487410741,30.1,38.8,31.1
Mackenziaena.leachii,3.52268534384774,0.666922003667106,1.96718080563007,0.888582534550569,18.9,55.8,25.2
Manacus.manacus,2.04421634888679,0.20957304146677,1.04149351019719,0.793149797222831,10.3,50.9,38.8
Myiarchus.swainsoni,3,1.29307926599744e-30,1.01871935780505,1.98128064219495,0,34,66
Myiodynastes.solitarius,3,1.29307926599744e-30,1.01871935780505,1.98128064219495,0,34,66
Myiarchus.tyrannulus,2.17889451840148,0.590167102831174,0.85355262090609,0.735174794664217,27.1,39.2,33.7
Myiobius.barbatus,1.94882489509835,0.273179769304829,0.855158933155455,0.820486192638064,14,43.9,42.1
Myiophobus.fasciatus,3,1.29307926599744e-30,1.01871935780505,1.98128064219495,0,34,66
Myrmotherula.luctuosa,2.05661733159377,0.937685451715582,0.421791071082855,0.697140808795335,45.6,20.5,33.9
Neopelma.pallescens,2.38020452297976,1.20895044347866,0.229027552888641,0.942226526612461,50.8,9.6,39.6
Pachyramphus.viridis,3,1.29307926599744e-30,1.01871935780505,1.98128064219495,0,34,66
Procnias.averano,2.33579769863928,2.04768735698303,0.100793235717827,0.187317105938423,87.7,4.3,8
Progne.subis,3.0201162077675,0.0101326334836193,1.78410144618262,1.22588212810126,0.3,59.1,40.6
Phaeomyias.murina,2.1785557021377,0.76477553842673,0.622708328529956,0.791071835181009,35.1,28.6,36.3
Phyllomyias.burmeisteri,3.24837308028375,0.279578502301086,1.8394348301956,1.12935974778706,8.6,56.6,34.8
Phyllomyias.griseocapilla,2.32641081232086,0.509186898296646,0.426152065149609,1.3910718488746,21.9,18.3,59.8
Piprites.pileata,4.02753322226435,2.37044670891833,1.13577859083556,0.521307922510462,58.9,28.2,12.9
Poecilotriccus.plumbeiceps,3.07621567014737,0.0666771285209791,1.40347812700784,1.60606041461855,2.2,45.6,52.2
Psilorhamphus.guttatus,3.14835688245912,0.598006613899205,1.73183256672652,0.818517701833401,19,55,26
Thamnophilus.ruficapillus,3.77519858916376,0.561915933969234,1.6273127023177,1.58596995287682,14.9,43.1,42
Ramphotrigon.megacephalum,3.26840951046918,0.898822801702142,1.6138998328543,0.755686875912744,27.5,49.4,23.1
Rhynchocyclus.olivaceus,2.0501292007037,0.853206075185673,0.245774455269377,0.951148670248649,41.6,12,46.4
Schoeniophylax.phryganophilus,3.57493363999345,0.059769468837044,0.50580115234248,3.00936301881393,1.7,14.1,84.2
Sclerurus.caudacutus,1.82010518648442,0.716823412716964,0.15372496680318,0.949556806964274,39.4,8.4,52.2
Sclerurus.cearensis,2.27683247460853,2.00754318558365,0.113696464692867,0.155592824332017,88.2,5,6.8
Sakesphorus.cristatus,2.81352396353513,1.32028993244147,0.381563180303621,1.11167085079003,46.9,13.6,39.5
Sclerurus.scansor,3.11969292999166,0.0281062110489468,1.5493419949723,1.54224472397041,0.9,49.7,49.4
Schiffornis.turdina,2.01866360901699,1.00526359993416,0.309045729851057,0.704354279231772,49.8,15.3,34.9
Scytalopus.gonzagai,1.52834701790794,0.26475410132613,0.056929286364208,1.20666363021761,17.3,3.7,79
Scytalopus.pachecoi,5.97197508931145,4.96437194864815,0.177227819888248,0.83037532077506,83.1,3,13.9
Sirystes.sibilator,3.1061328939465,0.0256721599894051,1.07159768538492,2.00886304857217,0.8,34.5,64.7
Serpophaga.nigricans,3.19137146095826,0.107628152326027,2.32150629638255,0.762237012249679,3.4,72.7,23.9
Serpophaga.subcristata,3.03454518913187,0.00290653493678466,0.602738826913845,2.42889982728124,0.1,19.9,80
Scytalopus.petrophilus,2.54308428718457,2.34856678562593,0.0587071221436354,0.135810379415008,92.4,2.3,5.3
Sporophila.bouvreuil,2.18451329603731,0.764471274740245,0.776747714124668,0.643294307172393,35,35.6,29.4
Sporophila.pileata,2.88262429854917,0.16790596418819,2.03921947758361,0.675498856777371,5.8,70.7,23.4
Stigmatura.budytoides,2.78907819786751,1.15638013668294,0.165098098489165,1.4675999626954,41.5,5.9,52.6
Suiriri.suiriri,2.53342734110656,0.217407052733642,1.16789514950249,1.14812513887043,8.6,46.1,45.3
Synallaxis.hypospodia,2.19324577213535,1.52353764080096,0.171346495838138,0.498361635496256,69.5,7.8,22.7
Synallaxis.infuscata,2.37588026099168,2.11368655854909,0.107611166975822,0.15458253546677,89,4.5,6.5
Synallaxis.scutata,2.47037075108186,1.36418284577855,0.32646282728614,0.779725078017177,55.2,13.2,31.6
Tachuris.rubrigastra,5.44411347183671,4.76121236150942,0.296124951280549,0.386776159046737,87.5,5.4,7.1
Syndactyla.dimidiata,1.98190955825986,0.784642727372632,0.536254974507991,0.661011856379238,39.6,27.1,33.4
Lipaugus.conditus,1.06283977340577,0.739486063916247,0.187996246486999,0.135357463002526,69.6,17.7,12.7
Tityra.braziliensis,2.97820264814036,0.000447746955266143,2.23926858096516,0.738486320219937,0,75.2,24.8
Tolmomyias.flaviventris,1.91954082801076,0.680539512432872,0.311385801654039,0.927615513923848,35.5,16.2,48.3
Turdus.albicollis,2.94644890402544,0.0388054898139875,2.22662146453294,0.681021949678512,1.3,75.6,23.1
Turdus.subalaris,3.34462740488052,0.208435780434017,2.51793064471772,0.618260979728784,6.2,75.3,18.5
Xenopsaris.albinucha,2.17057351141875,1.30194679458462,0.305009712486627,0.563617004347508,60,14.1,26
Xenops.minutus,2.50170329321615,0.0114698662064246,1.69407005308509,0.796163373924637,0.5,67.7,31.8
Xiphorhynchus.atlanticus,2.27683247460853,2.00754318558365,0.113696464692867,0.155592824332017,88.2,5,6.8
Cacicus.cela,2.19657264440807,1.2655254536744,0.204685430142888,0.72636176059078,57.6,9.3,33.1
Charitospiza.eucosma,2.24711278856533,1.09219667131161,0.552339051569793,0.602577065683933,48.6,24.6,26.8
Geothlypis.aequinoctialis,3.02590037415497,0.00386046574563738,1.66459007909069,1.35744982931864,0.1,55,44.9
Nemosia.rourei,1.95864476328264,1.5482923887646,0.141351427381373,0.269000947136671,79,7.2,13.7
Microspingus.cinereus,2.58739481555626,1.55724119589482,0.427692459956763,0.60246115970468,60.2,16.5,23.3
Tangara.brasiliensis,1.81414876560262,0.396802222236452,0.304251986311678,1.11309455705449,21.9,16.8,61.4
Pipraeidea.bonariensis,3.7425518576265,1.93151717121551,1.31793363719492,0.49310104921607,51.6,35.2,13.2
Poospiza.nigrorufa,5.92220071608061,5.2758248850632,0.23663000063573,0.40974583038168,89.1,4,6.9
Saltator.coerulescens,3.78438143281813,1.69679322801075,1.8469505656685,0.240637639138884,44.8,48.8,6.4
Hemitriccus.orbitatus,2.28350914442147,0.134916112793988,1.06821436174292,1.08037866988456,5.9,46.8,47.3
Rhytipterna.simplex,2.09849372885602,0.627218652528662,0.610028808915595,0.861246267411761,29.9,29.1,41
Embernagra.longicauda,3.62018954480043,3.33937109613177,0.143975669929102,0.136842778739561,92.2,4,3.8
Embernagra.platensis,3.7316153587525,0.670365786253218,1.84674676188193,1.21450281061735,18,49.5,32.5
Accipiter.poliogaster,3.029260460129,0.0377768308474277,1.87529709843213,1.11618653084944,1.2,61.9,36.8
Forpus.xanthopterygius,2.46463195819002,0.142771226813454,1.57764803064433,0.744212700732241,5.8,64,30.2
Geotrygon.violacea,2.22671134207503,0.0387893113135289,1.22377563877369,0.964146391987815,1.7,55,43.3
Glaucidium.minutissimum,2.18079989504415,0.229865391292774,1.3674569389537,0.583477564797681,10.5,62.7,26.8
Anumbius.annumbi,3.82851490560576,0.745886725524111,2.0605365455668,1.02209163451485,19.5,53.8,26.7
Cacicus.haemorrhous,2.81475587259139,0.0178614329523596,2.11309851697697,0.683795922662067,0.6,75.1,24.3
Camptostoma.obsoletum,3,1.29307926599744e-30,1.01871935780505,1.98128064219495,0,34,66
Chlorophonia.cyanea,3.04139106489372,0.111601125112081,1.72954486962936,1.20024507015227,3.7,56.9,39.5
Euphonia.chalybea,3.38445940360485,0.913504693006902,1.95765932175395,0.513295388844,27,57.8,15.2
Gnorimopsar.chopi,3,1.29307926599744e-30,1.01871935780505,1.98128064219495,0,34,66
Myrmoderus.squamosus,3.07719749549872,1.308998779255,1.28519682272292,0.483001893520796,42.5,41.8,15.7
Anabacerthia.lichtensteini,2.68487458340991,0.0115540654310133,1.73321407028951,0.940106447689383,0.4,64.6,35
Nyctibius.grandis,2.01814248647328,1.07380688399611,0.416093112998684,0.528242489478494,53.2,20.6,26.2
Nyctibius.griseus,3,1.29307926599744e-30,1.01871935780505,1.98128064219495,0,34,66
Ortalis.araucuan,2.08306506513428,0.972782930130282,0.161441263198207,0.948840871805791,46.7,7.8,45.6
Orthopsittaca.manilatus,3.7410641781986,3.68028561484017,0.0169075777201072,0.0438709856383229,98.4,0.5,1.2
Parabuteo.leucorrhous,3.60317908506648,0.594813072401385,1.68363455109909,1.324731461566,16.5,46.7,36.8
Polytmus.guainumbi,2.00624490937441,0.867066044770694,0.495980712259277,0.643198152344437,43.2,24.7,32.1
Mimus.triurus,3.99273218514722,3.09169545247045,0.598520131562885,0.302516601113884,77.4,15,7.6
Pseudastur.polionotus,3.14129237272854,0.0495106191032914,1.8020119722492,1.28976978137606,1.6,57.4,41.1
Pulsatrix.koeniswaldiana,2.9446440638037,0.225173455768881,1.36016125809365,1.35930934994117,7.6,46.2,46.2
Phylloscartes.ceciliae,2.17971061611272,1.86689376046132,0.126401821624673,0.186415034026717,85.6,5.8,8.6
Theristicus.caerulescens,5.85519122288221,5.46751923535431,0.106690940416726,0.280981047111175,93.4,1.8,4.8
Theristicus.caudatus,3.74152047118852,0.677195831568236,2.24141575810297,0.82290888151732,18.1,59.9,22
Tinamus.solitarius,2.8619350973027,0.0114344466423589,2.07614058306217,0.774360067598171,0.4,72.5,27.1
Veniliornis.passerinus,2.10284510570057,0.649065536526255,0.728930682374942,0.724848886799371,30.9,34.7,34.5
Veniliornis.spilogaster,3.33312712317139,0.317615803676793,2.47509788061459,0.540413438880009,9.5,74.3,16.2
Arremon.franciscanus,4.78977207858876,4.65625545860418,0.0512213123704293,0.0822953076141458,97.2,1.1,1.7
Arremon.taciturnus,2.61746783560875,1.2465170212732,0.400922252784948,0.970028561550603,47.6,15.3,37.1
Machaeropterus.regulus,1.82519483324912,0.659295933122924,0.15611533642258,1.00978356370362,36.1,8.6,55.3
Xipholena.atropurpurea,1.93456711509082,0.864054028557662,0.197254027894337,0.873259058638821,44.7,10.2,45.1
Myiopagis.caniceps,2.54340169664834,0.0561949366933098,1.64997433341078,0.837232426544248,2.2,64.9,32.9
Myiopagis.gaimardii,2.86907975646743,2.65395264571505,0.0839456474152297,0.131181463337157,92.5,2.9,4.6
Myrmotherula.unicolor,2.42736334434708,0.379441896575059,1.17936193471452,0.8685595130575,15.6,48.6,35.8
Poecilotriccus.fumifrons,2.43577735479869,1.87081395020827,0.0588218643986115,0.50614154019181,76.8,2.4,20.8
Polystictus.pectoralis,3.27473632570132,0.128522485204309,2.26908932916949,0.877124511327521,3.9,69.3,26.8
Scytalopus.iraiensis,5.77275761877419,4.430491415125,1.03138971757131,0.310876486077882,76.7,17.9,5.4
Thamnophilus.aethiops,2.23002147380595,2.08880803021403,0.0845337348090382,0.0566797087828858,93.7,3.8,2.5
Xiphorhynchus.fuscus,2.99742392749532,0.00306810823065295,0.772029901263711,2.22232591800096,0.1,25.8,74.1
Xiphorhynchus.guttatus,2.05014506224372,0.860491764534111,0.277475383704578,0.912177914005026,42,13.5,44.5
Agelaioides.badius,4.0846499602559,2.59965809842668,1.03345314314162,0.451538718687601,63.6,25.3,11.1
Agelaioides.fringillarius,3.10877645659881,2.27590016686391,0.151883195140371,0.680993094594532,73.2,4.9,21.9
Basileuterus.auricapilla,3,1.29307926599744e-30,1.01871935780505,1.98128064219495,0,34,66
Myiothlypis.rivularis,2.44336351840901,0.0216350979148776,1.58655171713429,0.835176703359835,0.9,64.9,34.2
Piranga.flava,3.28900737249452,0.155285347452538,2.46632308275476,0.667398942287221,4.7,75,20.3
Tangara.cyanomelas,1.93043414013071,0.748109264401514,0.190120267322048,0.992204608407143,38.8,9.8,51.4
Tangara.flava,2.27011053688216,0.390965429027995,1.03768891557484,0.84145619227932,17.2,45.7,37.1
Terenura.maculata,2.35206150554771,0.00925128348293187,0.769103565874095,1.57370665619068,0.4,32.7,66.9
Anabazenops.fuscus,2.15583194388715,0.798097691369446,0.840727494851112,0.517006757666588,37,39,24
Anthus.chacoensis,4.07358562539816,4.07358562539816,0,0,100,0,0
Anthus.furcatus,6.48434771349675,5.85636009374306,0.214265594337898,0.413722025415787,90.3,3.3,6.4
Arundinicola.leucocephala,3,1.29307926599744e-30,1.01871935780505,1.98128064219495,0,34,66
Progne.tapera,3,1.29307926599744e-30,1.01871935780505,1.98128064219495,0,34,66
Asthenes.moreirae,2.1428295035573,1.708935914425,0.0787810028302391,0.355112586302059,79.8,3.7,16.6
Attila.rufus,2.38828948860198,0.100406610156346,0.656824675851845,1.63105820259378,4.2,27.5,68.3
Automolus.lammi,2.41181375829756,2.0057839057056,0.0833667230244759,0.322663129567493,83.2,3.5,13.4
Automolus.leucophthalmus,2.98017268649232,0.0164645510133855,2.32034399436707,0.643364141111857,0.6,77.9,21.6
Campylorhamphus.falcularius,3.44823648769785,0.306702332023654,1.86041498865552,1.28111916701868,8.9,54,37.2
Campylorhamphus.trochilirostris,2.32729305022512,1.00932771753538,0.278001869236923,1.03996346345281,43.4,11.9,44.7
Chamaeza.ruficauda,4.30183514850902,1.04206022459287,2.08807289599052,1.17170202792563,24.2,48.5,27.2
Certhiaxis.cinnamomeus,3,1.29307926599744e-30,1.01871935780505,1.98128064219495,0,34,66
Chiroxiphia.caudata,3.03196386289544,0.0367982117410582,2.14680761726874,0.848358033885642,1.2,70.8,28
Cinclodes.pabsti,6.60791571827305,4.81785910611249,1.36037881040848,0.429677801752079,72.9,20.6,6.5
Conopophaga.melanops,1.8817972512305,0.222295598748494,0.922588235227742,0.736913417254266,11.8,49,39.2
Cranioleuca.obsoleta,4.19222996142304,2.77466146602055,0.942546062390962,0.475022433011536,66.2,22.5,11.3
Cranioleuca.pallida,2.00964154327644,1.2559098076805,0.398934757367124,0.354796978228814,62.5,19.9,17.7
Dendrocolaptes.certhia,2.27683247460853,2.00754318558365,0.113696464692867,0.155592824332017,88.2,5,6.8
Donacospiza.albifrons,3.65887809243505,1.02717844302806,1.91393627416245,0.71776337524454,28.1,52.3,19.6
Drymophila.ferruginea,2.00559650301967,0.460235096442477,0.926348691671475,0.619012714905713,22.9,46.2,30.9
Drymophila.malura,3.70323681679865,0.961664378821445,1.7847086254187,0.95686381255851,26,48.2,25.8
Inezia.inornata,0.586726092973281,0.521413622113431,0.00515297215522655,0.060159498704623,88.9,0.9,10.3
Elaenia.cristata,2.80778420418694,1.97169868695619,0.132560644646977,0.703524872583773,70.2,4.7,25.1
Elaenia.spectabilis,2.38527063326165,1.07748517663044,0.395251764835934,0.912533691795275,45.2,16.6,38.3
Euphonia.xanthogaster,2.24326695518779,1.10247621150448,0.600604004027218,0.540186739656089,49.1,26.8,24.1
Formicarius.colma,2.62242139055862,0.188843270437229,1.06437367900908,1.36920444111231,7.2,40.6,52.2
Formicivora.erythronotos,2.01267610769697,2.01267610769697,0,0,100,0,0
Formicivora.melanogaster,2.26091077735065,1.20933039993822,0.412395523438083,0.639184853974345,53.5,18.2,28.3
Aramides.mangle,1.84584876835126,0.393750873945091,0.729069480975912,0.723028413430252,21.3,39.5,39.2
Aramides.saracura,3.44536533716433,0.4660237715694,2.03470832459982,0.944633240995111,13.5,59.1,27.4
Aramides.ypecaha,3.16758949179755,0.445620377497445,0.952363841437161,1.76960527286294,14.1,30.1,55.9
Gubernetes.yetapa,2.21952062549212,0.592655128523538,1.03354831419379,0.593317182774789,26.7,46.6,26.7
Haplospiza.unicolor,3.31108881002991,0.325757992438945,1.99494550465129,0.990385312939675,9.8,60.3,29.9
Hemithraupis.guira,3.25456091878967,0.255418835540799,2.02227779252984,0.976864290719031,7.8,62.1,30
Hemithraupis.ruficapilla,2.27643556637084,0.313087656962229,1.11235445326646,0.850993456142145,13.8,48.9,37.4
Herpsilochmus.longirostris,1.62851981831574,0.751538330800422,0.466974998755356,0.410006488759962,46.1,28.7,25.2
Icterus.pyrrhopterus,3,1.29307926599744e-30,1.01871935780505,1.98128064219495,0,34,66
Ilicura.militaris,2.17748298556039,0.125232649475856,1.3760335486543,0.676216787430233,5.8,63.2,31.1
Iodopleura.pipra,1.70001888045437,0.433950827810344,0.598269375472422,0.667798677171608,25.5,35.2,39.3
Knipolegus.cyanirostris,3.11074636064985,0.0792957006899948,2.12432047188483,0.907130188075024,2.5,68.3,29.2
Knipolegus.lophotes,3.20901196594915,0.35402319456097,0.517289458377202,2.33769931301098,11,16.1,72.8
Lathrotriccus.euleri,3,1.29307926599744e-30,1.01871935780505,1.98128064219495,0,34,66
Amazona.farinosa,1.72660725323845,0.356032950762148,0.744123585001191,0.626450717475107,20.6,43.1,36.3
Legatus.leucophaius,2.86405407422,0.00349153182923178,2.16466832429835,0.695894218092418,0.1,75.6,24.3
Lepidocolaptes.squamatus,2.11849433683504,1.35729023245537,0.41876241730219,0.342441687077486,64.1,19.8,16.2
Leptopogon.amaurocephalus,3.00036135797908,6.32192111302661e-05,1.82418677107921,1.17611136768875,0,60.8,39.2
Leptasthenura.setaria,4.00455563606757,2.20497829617368,1.28633929475503,0.513238045138857,55.1,32.1,12.8
Lessonia.rufa,3.71360731201089,2.529741837752,0.686285569913882,0.497579904345009,68.1,18.5,13.4
Coccycua.minuta,3.29062136704751,3.27146598205366,0.0177527184685775,0.00140266652527652,99.4,0.5,0
Leptasthenura.striolata,5.08913617230437,4.22730654554757,0.541122660221021,0.320706966535778,83.1,10.6,6.3
Lochmias.nematura,3.02746397138199,0.0271089367568988,1.56590383826928,1.43445119635582,0.9,51.7,47.4
Limnoctites.rectirostris,6.36032618054405,6.07159782364647,0.117575447455612,0.171152909441964,95.5,1.8,2.7
Limnornis.curvirostris,7.19975949979564,7.06661097125698,0.0517206961939858,0.0814278323446806,98.2,0.7,1.1
Lipaugus.lanioides,1.9156318516305,0.267364043478967,0.915310568716591,0.732957239434944,14,47.8,38.3
Lipaugus.vociferans,1.83475981060981,0.842110965397401,0.196131880242961,0.796516964969451,45.9,10.7,43.4
Mackenziaena.severa,2.68340089439441,0.0123978817049027,1.45187165014424,1.21913136254527,0.5,54.1,45.4
Megaxenops.parnaguae,2.51493804273617,2.0211200217664,0.314038309754191,0.179779711215584,80.4,12.5,7.1
Melanopareia.torquata,2.13732464839589,1.22068954131158,0.370381108907113,0.546253998177201,57.1,17.3,25.6
Merulaxis.ater,1.91452477601505,0.218378389527964,0.778251447937413,0.917894938549668,11.4,40.6,47.9
Mionectes.rufiventris,3.10969306452213,0.177934437903353,2.19452035316778,0.737238273450989,5.7,70.6,23.7
Charadrius.modestus,5.33024564980456,4.48840385576768,0.489936898954996,0.351904895081883,84.2,9.2,6.6
Muscipipra.vetula,3.42493856051872,0.527768608767607,2.01974598191744,0.87742396983367,15.4,59,25.6
Myiarchus.ferox,2.45059717572518,0.131766394488645,1.60107792429948,0.717752856937059,5.4,65.3,29.3
Myiobius.atricaudus,1.87128959359007,0.919642172062774,0.459105642268176,0.492541779259118,49.1,24.5,26.3
Myiornis.auricularis,2.95310479429615,0.0682468709626907,2.16839730392935,0.716460619404115,2.3,73.4,24.3
Phacellodomus.striaticollis,5.53160517791894,5.24911151197055,0.187328987068794,0.0951646788795909,94.9,3.4,1.7
Myiozetetes.cayanensis,2.65417836659864,1.96822213300051,0.151557786444967,0.534398447153162,74.2,5.7,20.1
Myiozetetes.similis,2.69768877421508,0.0527076695563392,1.97322044478598,0.67176065987276,2,73.1,24.9
Myrmorchilus.strigilatus,2.46463098635787,1.20955925587444,0.35986390882427,0.89520782165916,49.1,14.6,36.3
Myrmotherula.minor,1.74630318004247,0.149606419998238,0.865272443448813,0.731424316595417,8.6,49.5,41.9
Myrmotherula.urosticta,1.91776363869264,0.684134503342147,0.187693846470902,1.04593528887959,35.7,9.8,54.5
Neopelma.aurifrons,2.22924898761219,1.02059397938392,0.529303893949313,0.679351114278961,45.8,23.7,30.5
Neopelma.chrysolophum,1.70526666794255,1.01683234979549,0.367057729501012,0.321376588646042,59.6,21.5,18.8
Onychorhynchus.swainsoni,1.61132282362065,0.19778265622608,0.671896887087407,0.74164328030716,12.3,41.7,46
Oxyruncus.cristatus,2.18101894428941,0.0654703206873203,1.50898735132085,0.606561272281237,3,69.2,27.8
Ornithion.inerme,1.97377803956248,0.888876484307405,0.178901768848539,0.905999786406534,45,9.1,45.9
Pachyramphus.castaneus,2.89509794256339,0.0120770873615191,1.2554668356119,1.62755401958998,0.4,43.4,56.2
Pachyramphus.marginatus,2.13960410495972,0.843621836633408,0.653237420032922,0.642744848293391,39.4,30.5,30
Pachyramphus.validus,2.99750908207564,2.19291757979255e-05,2.07664913034374,0.920838022556106,0,69.3,30.7
Paroaria.dominicana,2.55794894653012,1.30012285237362,0.204694798937197,1.05313129521931,50.8,8,41.2
Petrochelidon.pyrrhonota,3.42718935515338,0.546415226558904,2.24316820147012,0.637605927124352,15.9,65.5,18.6
Tangara.fastuosa,2.27571491660386,1.99363629685806,0.121624131179067,0.160454488566733,87.6,5.3,7.1
Phacellodomus.erythrophthalmus,2.31424350263556,1.16704364971111,0.687882483490673,0.459317369433775,50.4,29.7,19.8
Phacellodomus.ruber,2.17809540093972,1.27807443006823,0.356112887223891,0.543908083647599,58.7,16.3,25
Phibalura.flavirostris,3.03528152322886,0.0928219364298418,1.52751703901117,1.41494254778784,3.1,50.3,46.6
Philydor.rufum,2.81489824356929,0.00802758024605617,0.449756882273718,2.35711378104952,0.3,16,83.7
Philydor.atricapillus,2.68358067896287,0.00657504449998539,0.817460600827047,1.85954503363584,0.2,30.5,69.3
Phylloscartes.beckeri,1.12380734692191,0.345293941650911,0.0764414077270577,0.702071997543938,30.7,6.8,62.5
Phylloscartes.difficilis,3.13611080197377,0.859685976894389,0.998500601526711,1.27792422355267,27.4,31.8,40.7
Phylloscartes.kronei,3.52677532614712,2.90749531198909,0.535487020893707,0.0837929932643234,82.4,15.2,2.4
Phyllomyias.virescens,3.13665073963478,0.290255129386943,2.29849807517921,0.547897535068623,9.3,73.3,17.5
Phylloscartes.oustaleti,1.60690039952812,0.362564482339091,0.396878022719455,0.847457894469569,22.6,24.7,52.7
Phyllomyias.reiseri,2.54638495340853,1.73519206134216,0.523376702565753,0.287816189500615,68.1,20.6,11.3
Phylloscartes.paulista,2.51968134361859,0.260531692844023,1.63989138506517,0.619258265709401,10.3,65.1,24.6
Phylloscartes.roquettei,3.78904164362582,3.58792917082645,0.0819338268810518,0.119178645918321,94.7,2.2,3.1
Phylloscartes.sylviolus,3.20483294396881,0.373965249015136,1.71135702911946,1.1195106658342,11.7,53.4,34.9
Phytotoma.rutila,4.07358562539816,4.07358562539816,0,0,100,0,0
Brachygalba.lugubris,3.23922093289603,3.12408775163527,0.0436687505979509,0.0714644306628116,96.4,1.3,2.2
Pipraeidea.melanonota,2.97922890044962,0.0830119918166909,2.09159515836333,0.804621750269599,2.8,70.2,27
Pipra.fasciicauda,1.96946137225599,0.260680553403859,0.884906505510813,0.823874313341323,13.2,44.9,41.8
Platyrinchus.leucoryphus,2.91974476056065,0.63305501179552,1.7225095729559,0.564180175809235,21.7,59,19.3
Poecilotriccus.latirostris,2.29435809348583,1.66040068050797,0.26648796212159,0.367469450856273,72.4,11.6,16
Polioptila.lactea,3.21440649187942,1.37807351059316,1.33550893150962,0.500824049776638,42.9,41.5,15.6
Polystictus.superciliaris,2.4532393543304,2.00733700253837,0.190557222638806,0.255345129153224,81.8,7.8,10.4
Procnias.nudicollis,2.93468068957813,0.0151363919886577,1.97396159479097,0.945582702798503,0.5,67.3,32.2
Calidris.bairdii,6.5763590927713,6.24863859397908,0.171969410270325,0.155751088521904,95,2.6,2.4
Pseudocolopteryx.dinelliana,1.44028670540106,1.21947723033663,0.104735642067895,0.11607383299654,84.7,7.3,8.1
Pseudocolopteryx.flaviventris,6.27307182673157,5.90664427012867,0.0800247022549931,0.286402854347906,94.2,1.3,4.6
Pseudocolopteryx.sclateri,1.93783601824007,0.652442759394561,0.20228926007165,1.08310399877386,33.7,10.4,55.9
Pseudoseisura.cristata,2.87915106308748,1.27366915331804,0.514156826757998,1.09132508301144,44.2,17.9,37.9
Pyriglena.atra,2.76006592957473,2.44409478851975,0.00872909356784084,0.307242047487136,88.6,0.3,11.1
Pyriglena.leucoptera,2.86653425738599,0.0155652827891716,1.36924057283697,1.48172840175985,0.5,47.8,51.7
Pyroderus.scutatus,3.03505247954059,0.00899959322868717,1.09327471142396,1.93277817488794,0.3,36,63.7
Ramphocelus.bresilius,1.98152391355089,0.281020378702273,0.86013522602201,0.840368308826612,14.2,43.4,42.4
Ramphocelus.carbo,2.14744204755891,0.676544880385014,0.765366802468765,0.705530364705128,31.5,35.6,32.9
Rhopornis.ardesiacus,0.985551498818225,0.886321177984352,0.0268613922502568,0.0723689285836161,89.9,2.7,7.3
Satrapa.icterophrys,3.03740568910131,0.008407922843556,1.21822983919348,1.81076792706427,0.3,40.1,59.6
Saltator.maxillosus,3.92929891994414,1.64537069307205,1.70395718956747,0.579971037304621,41.9,43.4,14.8
Schiffornis.virescens,3.03587537158695,0.0482509851648999,2.25522188247433,0.732402503947715,1.6,74.3,24.1
Scytalopus.novacapitalis,1.82062868141691,1.82062868141691,0,0,100,0,0
Calidris.subruficollis,6.34169287149997,5.85353542164155,0.0837545995051539,0.404402850353257,92.3,1.3,6.4
Sporophila.collaris,2.5212104195524,0.76665848943469,1.12956439314638,0.62498753697133,30.4,44.8,24.8
Stelgidopteryx.ruficollis,5.18640246926188,4.29766539983763,0.439039078760745,0.449697990663512,82.9,8.5,8.7
Netta.erythrophthalma,2.35622509729553,1.12821438862176,0.531084510823887,0.696926197849885,47.9,22.5,29.6
Sporophila.albogularis,2.29547999456975,1.34976268625511,0.167370084330443,0.7783472239842,58.8,7.3,33.9
Synallaxis.frontalis,2.50090567898232,1.2921869200304,0.42536275472758,0.783356004224333,51.7,17,31.3
Stephanophorus.diadematus,3.74706164198375,1.33029236565251,1.74051455590742,0.676254720423813,35.5,46.5,18
Sublegatus.modestus,2.27999851844168,0.480038492170889,1.08626838365217,0.713691642618615,21.1,47.6,31.3
Synallaxis.ruficapilla,3.17336784018974,0.103999618048641,2.15589886290052,0.913469359240576,3.3,67.9,28.8
Synallaxis.spixi,3.37038168234896,0.369551630449107,1.80494841865548,1.19588163324438,11,53.6,35.5
Synallaxis.albescens,2.50127976156284,0.103458063686171,1.63125337195915,0.766568325917521,4.1,65.2,30.6
Synallaxis.cinerascens,3.13914892557415,0.266327758245439,2.11140106552981,0.761420101798909,8.5,67.3,24.3
Syndactyla.rufosuperciliata,3.56111947965441,0.885507254817079,1.8456977378626,0.829914486974731,24.9,51.8,23.3
Tachycineta.albiventer,2.76526565352886,0.0440577096934512,1.863324482719,0.857883461116409,1.6,67.4,31
Tachycineta.leucorrhoa,3.27108616531129,0.159593773325559,2.41040189845944,0.701090493526295,4.9,73.7,21.4
Tangara.cyanocephala,3.25962245871705,0.58748284155891,2.20032874216108,0.471810874997056,18,67.5,14.5
Tangara.cyanoventris,2.06184963160167,1.39994345419867,0.338571602360885,0.323334575042112,67.9,16.4,15.7
Tangara.preciosa,3.85659550405442,1.85774611275235,1.51348983073284,0.485359560569232,48.2,39.2,12.6
Tangara.seledon,3.00215946235456,0.265957224911029,1.92796984227439,0.808232395169139,8.9,64.2,26.9
Tersina.viridis,2.86705102007633,0.0121972711422004,2.16888146024643,0.685972288687701,0.4,75.6,23.9
Thamnomanes.caesius,2.22510423624037,0.967091619145945,0.30564000654138,0.952372610553045,43.5,13.7,42.8
Thamnophilus.ambiguus,2.3019935029193,0.771163768985912,0.419485392650237,1.11134434128315,33.5,18.2,48.3
Thamnophilus.caerulescens,2.99876715103206,0.012354664211722,1.47538377658892,1.51102871023142,0.4,49.2,50.4
Thamnophilus.palliatus,2.09556598309084,0.831153561232129,0.299997928192896,0.964414493665816,39.7,14.3,46
Thamnophilus.pelzelni,2.33942662658122,1.59276143973377,0.253349880099763,0.493315306747682,68.1,10.8,21.1
Thamnophilus.torquatus,2.3596759180221,1.19994477192144,0.439087805836317,0.720643340264346,50.9,18.6,30.5
Thlypopsis.sordida,2.27795536312199,0.811301902791206,0.726145236977674,0.740508223353106,35.6,31.9,32.5
Tangara.cyanoptera,2.51598563202705,0.199865306355833,0.968265282927759,1.34785504274346,7.9,38.5,53.6
Thripophaga.macroura,1.85622357776345,0.702583420148701,0.199000198293012,0.954639959321737,37.9,10.7,51.4
Tityra.inquisitor,0.384637934016681,0.384637934016681,0,0,100,0,0
Todirostrum.poliocephalum,2.01737107825502,0.849110276546302,0.642074566674536,0.526186235034186,42.1,31.8,26.1
Tolmomyias.poliocephalus,2.07438869235377,1.03199716351705,0.181580103434414,0.860811425402306,49.7,8.8,41.5
Chloroceryle.aenea,0.384637934016681,0.384637934016681,0,0,100,0,0
Chloroceryle.amazona,3,1.29307926599744e-30,1.01871935780505,1.98128064219495,0,34,66
Trichothraupis.melanops,3.03414900490745,0.00876209314384976,0.811682127949084,2.21370478381452,0.3,26.8,73
Turdus.amaurochalinus,3,1.29307926599744e-30,1.01871935780505,1.98128064219495,0,34,66
Turdus.fumigatus,1.88040445073442,0.658590577530346,0.22824117184746,0.993572701356618,35,12.1,52.8
Turdus.rufiventris,3,1.29307926599744e-30,1.01871935780505,1.98128064219495,0,34,66
Tyrannus.albogularis,2.68882537890042,2.27313290885561,0.132275831104845,0.283416638939966,84.5,4.9,10.5
Tyrannus.savana,6.50485011820929,6.19107928272484,0.0613551051881305,0.252415730296327,95.2,0.9,3.9
Tyrannus.tyrannus,1.82130357728236,1.0780863439024,0.234497258179848,0.508719975200111,59.2,12.9,27.9
Ramphodon.naevius,3.20234704173136,0.490717429278631,1.41710985102031,1.29451976143242,15.3,44.3,40.4
Xiphocolaptes.albicollis,3.03925484331511,0.0090407806822526,1.17883825908964,1.85137580354322,0.3,38.8,60.9
Xolmis.cinereus,3.21755241557537,0.145287326659072,2.43021968446863,0.642045404447664,4.5,75.5,20
Xolmis.irupero,4.12569213616727,1.62273179226773,1.94158644728223,0.561373896617313,39.3,47.1,13.6
Xolmis.velatus,2.11701666372516,1.0297021884857,0.465281198556463,0.622033276683,48.6,22,29.4
Thalurania.furcata,2.24981138722248,0.393172857490693,1.25060878444051,0.60602974529128,17.5,55.6,26.9
Thalurania.glaucopis,2.95478121729345,0.0563004011453497,2.16227367245044,0.736207143697661,1.9,73.2,24.9
Streptoprocne.biscutata,3.06839034547752,0.0769183743153501,0.751352087483654,2.24011988367851,2.5,24.5,73
Accipiter.superciliosus,2.67625584454047,0.0274021828801719,1.79076730134433,0.858086360315963,1,66.9,32.1
Aegolius.harrisii,4.15924711805274,2.38574901040291,1.13449254830825,0.639005559341588,57.4,27.3,15.4
Alipiopsitta.xanthops,2.33298954604592,1.40484281224648,0.401815198587222,0.52633153521222,60.2,17.2,22.6
Crypturellus.strigulosus,2.30842098748215,2.02695487340597,0.106574046365414,0.174892067710765,87.8,4.6,7.6
Crypturellus.tataupa,3,1.29307926599744e-30,1.01871935780505,1.98128064219495,0,34,66
Amazilia.versicolor,2.83528568885201,0.00140759405749953,1.61862856686372,1.2152495279308,0,57.1,42.9
Amazilia.fimbriata,2.52950414729007,0.332010520994141,1.44731805153005,0.750175574765883,13.1,57.2,29.7
Amazilia.leucogaster,2.4177763828356,1.59845042284605,0.0761739291766111,0.743152030812941,66.1,3.2,30.7
Amazilia.sapphirina,2.20797703667853,0.32639015610089,1.24114979894152,0.640437081636114,14.8,56.2,29
Amazona.brasiliensis,1.76479840794236,1.26242086901088,0.364423754942317,0.137953783989156,71.5,20.6,7.8
Amazona.pretrei,6.21831231948054,5.54799196699834,0.230751475339641,0.439568877142567,89.2,3.7,7.1
Amazona.rhodocorytha,1.9434229685701,0.321526611361863,0.363840887961906,1.25805546924633,16.5,18.7,64.7
Amazonetta.brasiliensis,3,1.29307926599744e-30,1.01871935780505,1.98128064219495,0,34,66
Amazona.vinacea,3.62375171178988,0.741476735296356,1.97179917918359,0.910475797309938,20.5,54.4,25.1
Anhima.cornuta,2.06465927708211,0.644423067398472,0.706388128340133,0.7138480813435,31.2,34.2,34.6
Anodorhynchus.hyacinthinus,3.91257943585018,3.85402378802769,0.0127686458513967,0.0457870019710951,98.5,0.3,1.2
Anthracothorax.nigricollis,3.00037709193669,0.000532719464518375,2.01565657364723,0.984187798824944,0,67.2,32.8
Antrostomus.sericocaudatus,2.47483169318934,0.0118034668187383,0.727062415820862,1.73596581054974,0.5,29.4,70.1
Aphantochroa.cirrochloris,2.73323692498012,0.279193742957076,1.46826782280216,0.985775359220884,10.2,53.7,36.1
Aratinga.auricapillus,2.34196463460811,0.520562621956573,1.16548702745762,0.655914985193918,22.2,49.8,28
Aratinga.jandaya,2.27683247460853,2.00754318558365,0.113696464692867,0.155592824332017,88.2,5,6.8
Ara.chloropterus,1.72744709757585,1.01554611864372,0.165469896964383,0.546431081967737,58.8,9.6,31.6
Ardea.cocoi,3,1.29307926599744e-30,1.01871935780505,1.98128064219495,0,34,66
Augastes.scutatus,3.92466674333085,3.74248884941745,0.0385425965511047,0.143635297362295,95.4,1,3.7
Bartramia.longicauda,3.78891542442708,0.869281001321319,1.74730279314833,1.17233162995743,22.9,46.1,30.9
Baryphthengus.ruficapillus,2.85881766427598,0.006692359213857,0.692309731506241,2.15981557355589,0.2,24.2,75.5
Brotogeris.chiriri,2.14605053266678,0.369205038606081,1.00859860349742,0.768246890563279,17.2,47,35.8
Brotogeris.tirica,2.05070874214808,0.0338033976857504,0.739630770605566,1.27727457385677,1.6,36.1,62.3
Buteogallus.coronatus,3.29182671247827,0.179151007659007,0.472181906343402,2.64049379847586,5.4,14.3,80.2
Buteogallus.lacernulatus,2.15415926756479,0.310995382524298,1.08480418399189,0.758359701048603,14.4,50.4,35.2
Buteogallus.meridionalis,3,1.29307926599744e-30,1.01871935780505,1.98128064219495,0,34,66
Buteo.brachyurus,2.99500657848652,8.81251622584815e-05,2.07193894699461,0.922979506329652,0,69.2,30.8
Buteo.nitidus,2.06514891791948,0.892896598310833,0.369936381324398,0.802315938284246,43.2,17.9,38.9
Chauna.torquata,4.12764778816637,2.20376941291461,1.27683216227372,0.647046212978045,53.4,30.9,15.7
Campephilus.melanoleucos,2.8035897741984,1.07387439700658,0.953885981046409,0.775829396145413,38.3,34,27.7
Calliphlox.amethystina,2.9791400507242,0.000640173104312297,2.15770062747002,0.820799250149867,0,72.4,27.6
Callonetta.leucophrys,5.23428908727193,5.12820420019869,0.0531264929006096,0.0529583941726348,98,1,1
Campephilus.robustus,2.98270343953073,0.0062296353572209,0.517796088712589,2.45867771546092,0.2,17.4,82.4
Cariama.cristata,3,1.29307926599744e-30,1.01871935780505,1.98128064219495,0,34,66
Celeus.flavescens,3.26125150367593,0.0512171399545352,1.42729579892527,1.78273856479613,1.6,43.8,54.7
Celeus.flavus,1.83952037321269,0.803835237973441,0.092352758705001,0.943332376534247,43.7,5,51.3
Celeus.lugubris,0.543583949634115,0.532931500766433,0.00729836143294238,0.00335408743473903,98,1.3,0.6
Celeus.tinnunculus,1.92004535476333,0.692518037716729,0.144778833191359,1.08274848385525,36.1,7.5,56.4
Elaenia.mesoleuca,3.07393768031145,0.0193516880094444,0.784478876572657,2.27010711572934,0.6,25.5,73.9
Biatas.nigropectus,2.49640595671898,0.555718399222212,0.745749487776172,1.19493806972059,22.3,29.9,47.9
Acrobatornis.fonsecai,1.48363972161792,0.470002752680226,0.430860941187803,0.582776027749894,31.7,29,39.3
Alectrurus.tricolor,2.39906599166049,1.00870699298434,0.855960860721841,0.534398137954309,42,35.7,22.3
Anthus.nattereri,3.91995926249966,1.35390995987986,1.91547826207484,0.650571040544954,34.5,48.9,16.6
Asthenes.luizae,4.19170867281364,3.9359922173278,0.029647718656038,0.226068736829804,93.9,0.7,5.4
Carpornis.melanocephala,1.56811225395111,0.0670905461451653,0.711232086800163,0.789789621005777,4.3,45.4,50.4
Cercomacra.brasiliana,2.13012018565503,1.45795892081881,0.32125766469458,0.350903600141635,68.4,15.1,16.5
Chiroxiphia.pareola,1.9524847276542,0.724969687716581,0.299304877659487,0.928210162278129,37.1,15.3,47.5
Cinclodes.fuscus,5.29081774664802,5.11272873242554,0.0724492787777687,0.105639735444714,96.6,1.4,2
Chamaeza.meruloides,1.70958788027934,0.552572018898108,0.668724511419512,0.488291349961716,32.3,39.1,28.6
Corythopis.delalandi,2.53288886550313,0.0377459506493859,1.87414987861197,0.620993036241772,1.5,74,24.5
Culicivora.caudacuta,2.70417559389394,0.0115111803333104,1.82584378363838,0.86682062992225,0.4,67.5,32.1
Cyanocorax.cyanomelas,1.63011184341558,0.971925697498477,0.166127390298293,0.49205875561881,59.6,10.2,30.2
Dendrocolaptes.platyrostris,3.02870842850843,0.00554723357760643,1.38778342869493,1.6353777662359,0.2,45.8,54
Dendroplex.picus,2.08154077075509,1.05160758206396,0.192583120942486,0.837350067748642,50.5,9.3,40.2
Formicivora.rufa,2.2626791393454,1.08184817446224,0.424103184666667,0.756727780216499,47.8,18.7,33.4
Dysithamnus.plumbeus,1.99936266290927,1.08786410152937,0.42811114662828,0.483387414751629,54.4,21.4,24.2
Dysithamnus.xanthopterus,1.9470208066278,0.571084849132583,0.251956991301092,1.12397896619412,29.3,12.9,57.7
Eleoscytalopus.indigoticus,2.53209907062842,0.0934616760678357,0.945434106747117,1.49320328781347,3.7,37.3,59
Eleoscytalopus.psychopompus,2.78839678674044,2.47245019144083,0.0371238934008856,0.278822701898725,88.7,1.3,10
Euscarthmus.rufomarginatus,2.28924369900801,1.19148417702287,0.490865173991185,0.606894347993958,52,21.4,26.5
Fluvicola.nengeta,2.72165733027433,0.0497916705047654,1.9946607786052,0.67720488116436,1.8,73.3,24.9
Geositta.poeciloptera,2.24895474464026,1.1815544054068,0.524012052997988,0.543388286235468,52.5,23.3,24.2
Grallaria.varia,2.88941962444983,0.114830548754494,1.88376936784661,0.890819707848718,4,65.2,30.8
Hemitriccus.margaritaceiventer,2.23932329633951,0.668168710473431,0.718335100610912,0.852819485255171,29.8,32.1,38.1
Synallaxis.hellmayri,2.37505472112929,2.37505472112929,0,0,100,0,0
Hemitriccus.mirandae,2.27683247460853,2.00754318558365,0.113696464692867,0.155592824332017,88.2,5,6.8
Herpsilochmus.pileatus,2.73525328748529,2.48274863678524,0.0267490387425797,0.225755611957465,90.8,1,8.3
Herpsilochmus.scapularis,2.35370825465898,1.10059984057744,0.326890229361245,0.926218184720297,46.8,13.9,39.4
Clibanornis.rectirostris,2.53503837378818,1.4860004422944,0.486816538995905,0.562221392497876,58.6,19.2,22.2
Hylophilus.pectoralis,2.74816328768521,2.32551293566327,0.191393277219871,0.231257074802062,84.6,7,8.4
Hypoedaleus.guttatus,2.38671942043382,0.00611136189850619,1.61820462183381,0.762403436701499,0.3,67.8,31.9
Lepidocolaptes.angustirostris,2.4462443710873,0.196588299144217,1.59403927992713,0.655616792015952,8,65.2,26.8
Lepidocolaptes.falcinellus,4.36379394351721,2.99048213514315,0.893212041788772,0.480099766585295,68.5,20.5,11
Sporophila.beltoni,4.1426866146051,1.16535427442743,2.42965485474044,0.547677485437231,28.1,58.6,13.2
Chamaeza.campanisona,2.99835968467163,0.0502000714376892,1.78288926921188,1.16527034402206,1.7,59.5,38.9
Empidonomus.varius,3,1.29307926599744e-30,1.01871935780505,1.98128064219495,0,34,66
Furnarius.figulus,2.45890552949323,1.28182167208736,0.486916415924363,0.690167441481509,52.1,19.8,28.1
Heliobletus.contaminatus,3.31558134265283,0.552326984852099,2.06549938976002,0.697754968040706,16.7,62.3,21
Herpsilochmus.pectoralis,2.39313287437195,1.85001073661772,0.0578116997375008,0.485310438016736,77.3,2.4,20.3
Knipolegus.nigerrimus,2.78650243033048,0.566539781649213,0.370886325793878,1.84907632288739,20.3,13.3,66.4
Conopias.trivirgatus,2.53311980833347,0.0135426015806709,1.81346919785395,0.706108008898846,0.5,71.6,27.9
Drymophila.ochropyga,2.45574726409915,0.264055283660361,0.493215877443049,1.69847610299574,10.8,20.1,69.2
Drymophila.squamata,2.10765894893239,0.448360299654458,1.05057521545316,0.608723433824776,21.3,49.8,28.9
Amazilia.lactea,2.42036290286268,0.28841774591758,1.49292259609965,0.639022560845453,11.9,61.7,26.4
Chaetura.spinicaudus,1.88222107502913,1.51955419760106,0.0473424092559277,0.315324468172138,80.7,2.5,16.8
Piaya.cayana,3,1.29307926599744e-30,1.01871935780505,1.98128064219495,0,34,66
Piculus.aurulentus,3.39065165785105,0.763918410252966,1.95488360282492,0.671849644773166,22.5,57.7,19.8
Tigrisoma.fasciatum,3.55673896367268,1.55461962889434,1.47558607084749,0.526533263930856,43.7,41.5,14.8
Celeus.ochraceus,2.08538529034346,0.952574734081079,0.208170787164935,0.924639769097444,45.7,10,44.3
Nothura.minor,1.79675870927433,0.814110881641793,0.481523047340078,0.501124780292461,45.3,26.8,27.9
Piculus.chrysochloros,1.75338231239367,0.63016905031154,0.191864290485163,0.931348971596964,35.9,10.9,53.1
Pygochelidon.cyanoleuca,3,1.29307926599744e-30,1.01871935780505,1.98128064219495,0,34,66
Pygochelidon.melanoleuca,2.61211351802782,0.414895416483962,0.206167768462955,1.9910503330809,15.9,7.9,76.2
Cyanocorax.coeruleus,4.63936756778152,3.47392749820695,0.79936931273934,0.366070756835233,74.9,17.2,7.9
Cyanocorax.chrysops,3.22334976409267,0.540414329167907,2.06474466431493,0.61819077060983,16.8,64.1,19.2
Cyanocorax.cristatellus,2.32224499967189,1.35165061368493,0.43466544280059,0.535928943186366,58.2,18.7,23.1
Donacobius.atricapilla,2.09997809575203,0.410211267404017,0.946475927347966,0.74329090100005,19.5,45.1,35.4
Hylophilus.amaurocephalus,2.4151511135911,1.48520187466899,0.543910211867255,0.386039027054846,61.5,22.5,16
Hemitriccus.striaticollis,2.88202042472704,1.20081420939505,0.280619735815679,1.40058647951632,41.7,9.7,48.6
Hemitriccus.griseipectus,2.37588026099168,2.11368655854909,0.107611166975822,0.15458253546677,89,4.5,6.5
Atticora.tibialis,1.58627637815898,0.541234563273069,0.570634472919578,0.474407341966336,34.1,36,29.9
Hirundinea.bellicosa,3,1.29307926599744e-30,1.01871935780505,1.98128064219495,0,34,66
Machetornis.rixosa,2.97686513680973,0.00305768714326724,2.2818565699435,0.691950879722964,0.1,76.7,23.2
Piprites.chloris,2.48892198565393,0.265088426149743,1.67989904656325,0.543934512940939,10.7,67.5,21.9
Serpophaga.griseicapilla,4.24009986260868,2.82065156234654,0.675725848719174,0.743722451542961,66.5,15.9,17.5
Tachycineta.meyeni,6.27821150591181,6.27821150591181,0,0,100,0,0
Terenura.sicki,2.2230428446178,1.94033082506453,0.115482181043775,0.167229838509497,87.3,5.2,7.5
Xolmis.dominicanus,5.78963459958432,5.23296842239728,0.337025411193932,0.219640765993109,90.4,5.8,3.8
Cnemotriccus.fuscatus,2.78766059615854,0.0252862929523026,2.09216189942669,0.670212403779542,0.9,75.1,24
Hylophilus.poicilotis,3.3497508093698,0.789737185820973,1.98379654549898,0.576217078049847,23.6,59.2,17.2
Laniocera.hypopyrra,1.81303821822685,0.73751382528708,0.084599023688762,0.990925369251004,40.7,4.7,54.7
Alopochelidon.fucata,3.29203364660735,0.230758703772828,2.46872555505919,0.592549387775337,7,75,18
Phyllomyias.fasciatus,3.02456727278206,0.000101070102692802,0.783306532712824,2.24115966996654,0,25.9,74.1
Phylloscartes.ventralis,3.16898686353983,0.220024690014803,2.30506944997272,0.643892723552314,6.9,72.7,20.3
Zimmerius.acer,2.27683247460853,2.00754318558365,0.113696464692867,0.155592824332017,88.2,5,6.8
Cranioleuca.vulpina,1.79195747703768,1.01498085673817,0.42730690010502,0.34966972019449,56.6,23.8,19.5
Capsiempis.flaveola,2.64905642513476,0.070718616667941,1.84322024713308,0.735117561333739,2.7,69.6,27.8
Chordeiles.pusillus,3.07644520632519,2.0846245108298,0.357077002992153,0.634743692503233,67.8,11.6,20.6
Attila.phoenicurus,3.21764659930389,0.267473917430049,2.41170398000504,0.53846870186881,8.3,75,16.7
Antrostomus.rufus,2.9983375593034,0.000575958561230761,1.95470990047713,1.04305170026504,0,65.2,34.8
Amblyramphus.holosericeus,2.52573146285916,0.659155325169427,1.2821125987502,0.584463538939533,26.1,50.8,23.1
Ammodramus.humeralis,3,1.29307926599744e-30,1.01871935780505,1.98128064219495,0,34,66
Arremon.semitorquatus,1.87486120892705,0.414550313575192,0.492089060700743,0.968221834651119,22.1,26.2,51.6
Myiothlypis.flaveola,2.31941958491173,1.1532687699577,0.400531977548395,0.765618837405634,49.7,17.3,33
Myiothlypis.leucoblephara,3.21310631617427,0.433093744322133,2.18970807788522,0.590304493966919,13.5,68.1,18.4
Campylorhynchus.turdinus,1.74323508572979,0.50328886992847,0.167879581172502,1.07206663462882,28.9,9.6,61.5
Spinus.yarrellii,2.27683247460853,2.00754318558365,0.113696464692867,0.155592824332017,88.2,5,6.8
Caryothraustes.canadensis,2.20432010245309,0.99536947468202,0.339128605497991,0.869822022273077,45.2,15.4,39.5
Chrysomus.ruficapillus,3,1.29307926599744e-30,1.01871935780505,1.98128064219495,0,34,66
Compsothraupis.loricata,2.87850313013885,2.01894933046701,0.293752908299782,0.565800891372058,70.1,10.2,19.7
Conirostrum.speciosum,2.7144515019313,0.0462616237686854,1.89887438150771,0.769315496654899,1.7,70,28.3
Coryphospingus.pileatus,2.44436458746444,1.16110032281396,0.511655881996934,0.77160838265355,47.5,20.9,31.6
Cypsnagra.hirundinacea,2.43440337646349,1.50664879630587,0.31209052356351,0.615664056594109,61.9,12.8,25.3
Dacnis.nigripes,1.77785620666902,0.234174734685464,0.288768981556603,1.25491249042696,13.2,16.2,70.6
Emberizoides.ypiranganus,4.01289827149887,2.24093929885368,1.29935204126533,0.472606931379857,55.8,32.4,11.8
Euphonia.laniirostris,2.94022872605529,2.94022872605529,0,0,100,0,0
Leistes.superciliaris,3,1.29307926599744e-30,1.01871935780505,1.98128064219495,0,34,66
Islerothraupis.cristata,2.07833322656243,0.395418961729739,0.903050466184781,0.779863798647913,19,43.5,37.5
Tangara.palmarum,2.90004621087409,0.00878473188015209,2.10548049393154,0.785780985062394,0.3,72.6,27.1
Cantorchilus.leucotis,2.18691665852028,1.16690005679496,0.413918473990113,0.606098127735212,53.4,18.9,27.7
Cantorchilus.longirostris,2.33417439213032,0.282978091265559,1.18904492620618,0.862151374658583,12.1,50.9,36.9
Asemospiza.fuliginosa,1.92215769165086,0.0449325469789099,0.619950217964171,1.25727492670778,2.3,32.3,65.4
Tangara.peruviana,2.78959045153084,0.888402817032098,1.47759023277615,0.423597401722598,31.8,53,15.2
Sporophila.plumbea,3.20636777501109,0.041065245020352,1.47148258146891,1.69381994852183,1.3,45.9,52.8
Microspingus.cabanisi,4.97296158487138,4.10234851285113,0.512381852445421,0.358231219574825,82.5,10.3,7.2
Pheugopedius.genibarbis,2.53110289140769,1.23647398338005,0.439952181726959,0.854676726300688,48.9,17.4,33.8
Agelasticus.cyanopus,2.07993808778524,0.530701454154749,0.93687545403027,0.612361179600225,25.5,45,29.4
Agelasticus.thilius,4.50626480119734,3.5501202838043,0.400983566851411,0.555160950541631,78.8,8.9,12.3
Anthus.hellmayri,3.36918392898131,0.91870529607055,1.28695910240417,1.16351953050659,27.3,38.2,34.5
Basileuterus.hypoleucus,2.26594827800178,1.40680067905655,0.295140006589448,0.56400759235579,62.1,13,24.9
Cacicus.chrysopterus,3.52891798970227,1.34397204268358,1.59844754288818,0.5864984041305,38.1,45.3,16.6
Cissopis.leverianus,2.83062385267415,0.00540215590525327,0.548994940496213,2.27622675627268,0.2,19.4,80.4
Catharus.fuscescens,1.32091724358301,0.558945281208062,0.419100807214897,0.342871155160053,42.3,31.7,26
Conirostrum.bicolor,1.77751601502014,0.222427370573143,0.865285761999097,0.689802882447898,12.5,48.7,38.8
Coryphospingus.cucullatus,3.24816590688716,0.255893708697539,2.43506952380288,0.557202674386736,7.9,75,17.2
Emberizoides.herbicola,3,1.29307926599744e-30,1.01871935780505,1.98128064219495,0,34,66
Euphonia.chlorotica,3,1.29307926599744e-30,1.01871935780505,1.98128064219495,0,34,66
Euphonia.cyanocephala,3.05729557480708,0.0301635697693317,1.2802482715403,1.74688373349745,1,41.9,57.1
Euphonia.pectoralis,2.97721779299767,0.0286993135450855,2.27840924134383,0.670109238108754,1,76.5,22.5
Gubernatrix.cristata,4.7814396681535,4.66888487744618,0.0397320196903059,0.0728227710170165,97.6,0.8,1.5
Hemithraupis.flavicollis,2.21398013429826,0.83121045123574,0.346439501581549,1.03633018148097,37.5,15.6,46.8
Icterus.jamacaii,2.39736171494853,1.12558353020746,0.543886129598461,0.727892055142611,47,22.7,30.4
Mimus.saturninus,3,1.29307926599744e-30,1.01871935780505,1.98128064219495,0,34,66
Molothrus.rufoaxillaris,3.18696811944679,0.118666347594213,2.43584846295621,0.632453308896364,3.7,76.4,19.8
Sporophila.hypochroma,1.89126883110532,0.959073357705824,0.317986136835688,0.614209336563811,50.7,16.8,32.5
Nemosia.pileata,2.15997576575471,0.848100414100408,0.531371677610051,0.78050367404425,39.3,24.6,36.1
Neothraupis.fasciata,2.26253439774721,1.20447308877993,0.453623804022521,0.604437504944754,53.2,20,26.7
Orchesticus.abeillei,2.33977615901692,0.338446538005259,0.231456323113416,1.76987329789824,14.5,9.9,75.6
Orthogonys.chloricterus,2.12552575730562,0.329924484058377,0.27879121406845,1.51681005917879,15.5,13.1,71.4
Paroaria.capitata,2.46946359425546,0.52943702870001,0.116969765227522,1.82305680032793,21.4,4.7,73.8
Pheucticus.aureoventris,0.975907337788203,0.862749776091974,0.0515656956255846,0.0615918660706446,88.4,5.3,6.3
Polioptila.dumicola,2.85070005912032,0.316384203841906,1.94987361214292,0.58444224313549,11.1,68.4,20.5
Porphyrospiza.caerulescens,3.87225559169977,3.53596143047702,0.0370764522630782,0.299217708959667,91.3,1,7.7
Psarocolius.decumanus,2.24676602530143,0.171553908569246,1.43163399703461,0.643578119697576,7.6,63.7,28.6
Pseudoleistes.guirahuro,3.35228577437568,0.281898518660573,2.53315652315488,0.537230732560229,8.4,75.6,16
Pseudoleistes.virescens,6.02106934922302,5.79790684004068,0.136038166084802,0.0871243430975338,96.3,2.3,1.4
Saltator.atricollis,2.28558950452251,1.20274377009153,0.48390648917679,0.598939245254185,52.6,21.2,26.2
Saltator.fuliginosus,2.98403060607083,0.137202818852262,2.30284447766269,0.543983309555879,4.6,77.2,18.2
Saltator.similis,3.1155886910702,0.0261847147025809,0.952756062148736,2.13664791421888,0.8,30.6,68.6
Schistochlamys.melanopis,2.16430008312231,0.937100670749881,0.391077195725293,0.836122216647131,43.3,18.1,38.6
Schistochlamys.ruficapillus,2.22190518545147,0.705568351516673,0.894156259826812,0.622180574107981,31.8,40.2,28
Sicalis.citrina,2.45860446940084,1.81018957957561,0.446799600041195,0.201615289784031,73.6,18.2,8.2
Sicalis.columbiana,3.86808035359533,3.81029832118791,0.0028526441890494,0.0549293882183724,98.5,0.1,1.4
Sicalis.flaveola,3,1.29307926599744e-30,1.01871935780505,1.98128064219495,0,34,66
Sicalis.luteola,3.25477078922236,0.081019261152293,2.33661145655994,0.837140071510121,2.5,71.8,25.7
Sporophila.falcirostris,2.09955783578671,0.0737623125853057,0.998822839081578,1.02697268411982,3.5,47.6,48.9
Sporophila.ardesiaca,2.17905444627337,1.02636276196586,0.617547415789726,0.535144268517785,47.1,28.3,24.6
Sporophila.caerulescens,3.00289289974867,0.0202150544917549,2.29039657135473,0.692281273902184,0.7,76.3,23.1
Sporophila.frontalis,2.89067812702984,0.216135141972611,1.19526807954073,1.4792749055165,7.5,41.3,51.2
Sporophila.leucoptera,2.23995964962543,0.833328942860463,0.606267377609198,0.800363329155773,37.2,27.1,35.7
Sporophila.lineola,2.50100079707118,0.147946134878026,1.7011516484798,0.651903013713355,5.9,68,26.1
Sporophila.ruficollis,2.7163501231983,0.221649706941222,0.541987936570437,1.95271247968664,8.2,20,71.9
Tachyphonus.coronatus,3.063513292414,0.0484774731535048,1.86392617153798,1.15110964772251,1.6,60.8,37.6
Tachyphonus.rufus,2.22397482574844,1.11744267562871,0.396020617243538,0.710511532876195,50.2,17.8,31.9
Tangara.desmaresti,2.53937265366478,0.551074741342836,0.259312335775443,1.72898557654651,21.7,10.2,68.1
Turdus.flavipes,3.40193714247917,0.329597257289891,2.16742970139788,0.904910183791396,9.7,63.7,26.6
Turdus.leucomelas,2.52080741751138,0.119650691013914,1.64009881172949,0.761057914767978,4.7,65.1,30.2
Xanthopsar.flavus,6.36606597967306,5.62256364307338,0.242712281462211,0.500790055137469,88.3,3.8,7.9
Coryphaspiza.melanotis,1.97615404196767,0.214783979556684,1.10637146532624,0.654998597084743,10.9,56,33.1
Amaurospiza.moesta,3.2897404840992,0.638705618907699,1.93768758389137,0.713347281300134,19.4,58.9,21.7
Amazona.amazonica,2.18463773133758,1.1499389716997,0.336946854944432,0.697751904693444,52.6,15.4,31.9
Ara.ararauna,2.34117418762062,1.77400173794682,0.234154466700043,0.333017982973754,75.8,10,14.2
Buteogallus.aequinoctialis,1.88094485695106,0.213323071826358,0.956423594158223,0.711198190966476,11.3,50.8,37.8
Leptodon.forbesi,2.53829854700584,1.99761182039611,0.0725350144900028,0.468151712119727,78.7,2.9,18.4
Lipaugus.ater,1.70686040882416,1.12382094996313,0.176262740035303,0.406776718825731,65.8,10.3,23.8
Myiopsitta.monachus,4.30014547935713,3.10646683632367,0.862387212195007,0.33129143083845,72.2,20.1,7.7
Myrmoderus.ruficauda,1.94960263176138,0.90074740224317,0.236013543774946,0.812841685743262,46.2,12.1,41.7
Paroaria.coronata,5.28818521854701,5.05755442403731,0.0567495812751548,0.173881213234546,95.6,1.1,3.3
Phalcoboenus.chimango,4.12193252816384,2.64864515573952,1.05345199121813,0.419835381206191,64.3,25.6,10.2
Phoenicopterus.chilensis,6.44741129200475,6.19695321463127,0.114733534101847,0.135724543271628,96.1,1.8,2.1
Pipile.jacutinga,2.83650746156754,0.0376803406864228,2.13377494984719,0.665052171033921,1.3,75.2,23.4
Psittacara.acuticaudatus,1.78318301023957,0.880142717792419,0.165653047341384,0.737387245105765,49.4,9.3,41.4
Pyrrhura.griseipectus,1.68925110433766,1.5156054184182,0.0595787431541484,0.114066942765309,89.7,3.5,6.8
Scytalopus.speluncae,4.09358343007346,1.52851293011985,1.70881718034326,0.856253319610355,37.3,41.7,20.9
Sporophila.angolensis,2.99186067316033,3.50345329100235e-05,2.32036652371798,0.671459114909436,0,77.6,22.4
Sporophila.hypoxantha,3.25453227459737,0.31823196173324,2.39942349015987,0.53687682270426,9.8,73.7,16.5
