inertia,OMI,Tol,Rtol,omi,tol,rtol
Amazona.aestiva,3.87354027249815,0.0161533011078446,1.19837460213592,2.65901236925439,0.4,30.9,68.6
Anodorhynchus.glaucus,6.42421876129534,5.99008906542047,0.0143831229180577,0.419746572956816,93.2,0.2,6.5
Aramides.cajaneus,4,1.67546875278688e-33,1.11845632955057,2.88154367044943,0,28,72
Arremon.flavirostris,2.41425242929551,0.114360438882049,0.210077399965397,2.08981459044806,4.7,8.7,86.6
Campylopterus.largipennis,3.56645695316252,2.62936951245525,0.0143304367269718,0.922757003980299,73.7,0.4,25.9
Cichlocolaptes.mazarbarnetti,4.60892148634537,3.64525537358068,0.0232467156441009,0.940419397120583,79.1,0.5,20.4
Columbina.cyanopis,2.41710006878392,2.41710006878392,0,0,100,0,0
Cotinga.maculata,4.08580809161159,1.96573701041385,0.389779831813149,1.73029124938458,48.1,9.5,42.3
Drymophila.genei,2.41984162065544,0.754810702036774,0.210607940515181,1.45442297810349,31.2,8.7,60.1
Elaenia.albiceps,3.78802152410304,0.0157827620506415,1.62548105808057,2.14675770397183,0.4,42.9,56.7
Eleothreptus.candicans,1.93916823154665,0.255508306986467,0.51702415454842,1.16663577001177,13.2,26.7,60.2
Formicivora.acutirostris,4.84881651039556,2.99431827287673,0.210689168232433,1.6438090692864,61.8,4.3,33.9
Glaucidium.mooreorum,6.07879627888073,6.07879627888073,0,0,100,0,0
Harpagus.diodon,3.87753150861531,0.00358426194545417,1.83252106773253,2.04142617893732,0.1,47.3,52.6
Mergus.octosetaceus,3.27044773824947,0.371637320643169,1.35859162189756,1.54021879570874,11.4,41.5,47.1
Myrmotherula.snowi,6.26779141842239,6.21283780739731,0.039166543754399,0.0157870672706792,99.1,0.6,0.3
Nothura.maculosa,3.83966320844171,0.101521271006227,1.99591028257082,1.74223165486467,2.6,52,45.4
Ortalis.guttata,1.75914824728484,1.52585380471397,0.0771062409575866,0.156188201613276,86.7,4.4,8.9
Ortalis.squamata,4.06885996160659,1.82597487482966,1.04874842955851,1.19413665721842,44.9,25.8,29.3
Philydor.novaesi,4.60892148634537,3.64525537358068,0.0232467156441009,0.940419397120583,79.1,0.5,20.4
Sporophila.cinnamomea,3.57121421154995,0.719919617710866,1.66453466640431,1.18675992743477,20.2,46.6,33.2
Sporophila.maximiliani,3.11846619138589,1.25218867082034,0.461910435961122,1.40436708460443,40.2,14.8,45
Sporophila.melanogaster,3.26967477030824,0.320746175629739,0.948794732589553,2.00013386208895,9.8,29,61.2
Sporophila.palustris,3.61088187192299,0.786536218116978,1.6875610267157,1.13678462709031,21.8,46.7,31.5
Synallaxis.cinerea,4.4940881439688,3.14991194124464,0.134911217920971,1.20926498480319,70.1,3,26.9
Taoniscus.nanus,2.1380727087042,1.20458226336017,0.447407750331285,0.486082695012743,56.3,20.9,22.7
Vireo.chivi,4,1.67546875278688e-33,1.11845632955057,2.88154367044943,0,28,72
Vireo.olivaceus,4,1.67546875278688e-33,1.11845632955057,2.88154367044943,0,28,72
Porphyriops.melanops,4.10431154691073,0.00119917964648954,0.443232705043491,3.65987966222075,0,10.8,89.2
Celeus.galeatus,3.23373407048243,0.874293777007456,1.19462907100719,1.16481122246779,27,36.9,36
Guyramemua.affinis,2.78771143996605,1.98098084688594,0.154711811785397,0.652018781294714,71.1,5.5,23.4
Paraclaravis.geoffroyi,3.74803059173845,0.127355244617834,1.47781172280761,2.142863624313,3.4,39.4,57.2
Chaetura.meridionalis,4,1.67546875278688e-33,1.11845632955057,2.88154367044943,0,28,72
Chlorostilbon.lucidus,4,1.67546875278688e-33,1.11845632955057,2.88154367044943,0,28,72
Fulica.armillata,3.92623203578099,1.31961577110974,0.955669358753871,1.65094690591738,33.6,24.3,42
Chelidoptera.tenebrosa,4.58438717691746,2.27472952580861,0.343874641329744,1.9657830097791,49.6,7.5,42.9
Chloroceryle.inda,3.57371548249452,0.283659306229561,1.34865592196828,1.94140025429668,7.9,37.7,54.3
Chlorostilbon.notatus,5.30721598472351,2.96099226548867,0.682155965865646,1.6640677533692,55.8,12.9,31.4
Chondrohierax.uncinatus,3.75714886268508,0.453909388132228,0.98980370867285,2.31343576588,12.1,26.3,61.6
Chordeiles.minor,4,1.67546875278688e-33,1.11845632955057,2.88154367044943,0,28,72
Chordeiles.nacunda,4,1.67546875278688e-33,1.11845632955057,2.88154367044943,0,28,72
Chrysolampis.mosquitus,3.87425165088906,1.33308810974549,0.503165226598458,2.03799831454511,34.4,13,52.6
Ciccaba.huhula,3.47766060031027,0.254241868811302,1.20967959391141,2.01373913758756,7.3,34.8,57.9
Ciccaba.virgata,3.79405404442858,0.0384759978022603,1.91543766534391,1.84014038128241,1,50.5,48.5
Ciconia.maguari,4.01790927461766,1.62163080852584,1.22914429436348,1.16713417172834,40.4,30.6,29
Circus.buffoni,3.67567980401544,0.0469963297602572,1.48869133148942,2.13999214276576,1.3,40.5,58.2
Circus.cinereus,6.40249205329905,5.88396216071907,0.0242537947660159,0.494276097813961,91.9,0.4,7.7
Clytolaema.rubricauda,3.79200608134195,0.170711255619264,0.556575588218635,3.06471923750405,4.5,14.7,80.8
Coccycua.cinerea,4.02239991008941,1.35609531709006,1.52264479338764,1.14365979961171,33.7,37.9,28.4
Coccyzus.euleri,3.64261904702417,0.126592961195753,1.75799008730622,1.75803599852219,3.5,48.3,48.3
Coccyzus.americanus,4,1.67546875278688e-33,1.11845632955057,2.88154367044943,0,28,72
Colaptes.campestris,3.73884755674652,0.0585411556485805,1.91690001977009,1.76340638132785,1.6,51.3,47.2
Colaptes.campestroides,6.09512533154084,4.97286698837967,0.296936357820087,0.825321985341076,81.6,4.9,13.5
Colaptes.melanochloros,4,1.67546875278688e-33,1.11845632955057,2.88154367044943,0,28,72
Colibri.serrirostris,3.05936663839057,0.433123722465189,0.988688177539973,1.63755473838541,14.2,32.3,53.5
Platyrinchus.mystaceus,3.99543838605643,3.21168362017829e-05,0.67213192715347,3.32327434206676,0,16.8,83.2
Columbina.picui,4.45583522694027,2.75220939241192,0.78310684735566,0.92051898717269,61.8,17.6,20.7
Columbina.squammata,3.66954649918565,0.0758340791949707,1.93558797042635,1.65812444956433,2.1,52.7,45.2
Coscoroba.coscoroba,3.6398843019694,1.105007714577,1.37720854389318,1.15766804349922,30.4,37.8,31.8
Coturnicops.notatus,5.21606081374606,2.99249066181712,0.874280723395925,1.34928942853302,57.4,16.8,25.9
Crax.blumenbachii,3.96727417514481,1.5921854122882,0.453045862443423,1.92204290041319,40.1,11.4,48.4
Crax.fasciolata,1.91573504125425,0.585133342792802,0.408566841262844,0.9220348571986,30.5,21.3,48.1
Crotophaga.major,3.54488784683845,0.179999229826777,1.68043002141151,1.68445859560016,5.1,47.4,47.5
Crypturellus.noctivagus,4.46424820495639,0.137420197116307,1.1529554295655,3.17387257827459,3.1,25.8,71.1
Crypturellus.obsoletus,3.53326536607688,0.122078470841779,1.84220448001691,1.5689824152182,3.5,52.1,44.4
Crypturellus.parvirostris,3.51019830044378,0.280340438198185,1.50280888876098,1.72704897348462,8,42.8,49.2
Crypturellus.undulatus,1.72494173898851,0.397866785243338,0.500398158271507,0.826676795473669,23.1,29,47.9
Crypturellus.variegatus,4.37559125072859,2.28712096848804,0.337445484482167,1.75102479775838,52.3,7.7,40
Cygnus.melancoryphus,3.98842242247636,1.69421322444559,1.24674402433365,1.04746517369712,42.5,31.3,26.3
Dendrocygna.viduata,4,1.67546875278688e-33,1.11845632955057,2.88154367044943,0,28,72
Cypseloides.fumigatus,3.72628348029065,0.00475714277102036,0.97478431471134,2.74674202280829,0.1,26.2,73.7
Cypseloides.senex,2.97594149479687,0.0864343654631522,0.570645518927796,2.31886161040593,2.9,19.2,77.9
Discosura.longicaudus,5.30727745552702,2.87135177413121,0.854988987195027,1.58093669420079,54.1,16.1,29.8
Fulica.leucoptera,6.72056214505423,5.7060832977435,0.1997660621538,0.814712785156932,84.9,3,12.1
Diopsittaca.cumanensis,3.61841696559564,0.942828410021275,0.705681880050713,1.96990667552366,26.1,19.5,54.4
Discosura.langsdorffi,4.01422602403877,1.70341476920694,0.613235965757269,1.69757528907456,42.4,15.3,42.3
Dromococcyx.pavoninus,2.81409126586536,0.148749820821045,1.28949517179924,1.37584627324508,5.3,45.8,48.9
Elanoides.forficatus,4,1.67546875278688e-33,1.11845632955057,2.88154367044943,0,28,72
Eleothreptus.anomalus,3.97399317215843,1.04313780313468,1.42177002422955,1.50908534479421,26.2,35.8,38
Nycticryphes.semicollaris,4.5957644450184,1.0740198955037,1.64790611962162,1.87383842989309,23.4,35.9,40.8
Lophornis.chalybeus,3.29286928587667,0.346277101991474,0.349689292171349,2.59690289171385,10.5,10.6,78.9
Eudocimus.ruber,3.16357651411452,0.729290902997564,1.09937578515597,1.33490982596098,23.1,34.8,42.2
Eupetomena.macroura,3.72325247009547,0.0548797512626819,1.92495089029217,1.74342182854062,1.5,51.7,46.8
Eupsittula.aurea,3.29410558011018,0.676230848945402,0.885652522340158,1.73222220882462,20.5,26.9,52.6
Eupsittula.cactorum,5.64452207934212,3.944863710797,0.137214522418975,1.56244384612615,69.9,2.4,27.7
Falco.rufigularis,6.30292995381996,3.91722401719393,0.234547980408659,2.15115795621737,62.1,3.7,34.1
Florisuga.fusca,3.85206812582517,0.128907341167275,0.651019111968801,3.07214167268909,3.3,16.9,79.8
Fulica.rufifrons,5.40217505594718,2.87721149811271,0.469725291880728,2.05523826595374,53.3,8.7,38
Thlypopsis.pyrrhocoma,4.24461325067852,1.67639409184468,1.38651310354241,1.18170605529143,39.5,32.7,27.8
Gallinago.undulata,3.32593358194853,0.32905596443092,1.43012028797342,1.56675732954419,9.9,43,47.1
Gampsonyx.swainsonii,3.51412806950603,0.348211893966422,1.49793235330153,1.66798382223808,9.9,42.6,47.5
Geranoaetus.albicaudatus,4,1.67546875278688e-33,1.11845632955057,2.88154367044943,0,28,72
Geranoaetus.melanoleucus,3.91593075163748,0.473411360933213,1.92779353372807,1.51472585697619,12.1,49.2,38.7
Glaucis.dohrnii,4.39572219960837,2.40498646744123,0.489481413904612,1.50125431826253,54.7,11.1,34.2
Glaucis.hirsutus,4.13579021296591,1.32444684810621,0.679329529766371,2.13201383509334,32,16.4,51.6
Spinus.magellanicus,3.5291234684286,0.391342537270585,1.4882922624998,1.64948866865822,11.1,42.2,46.7
Guira.guira,4,1.67546875278688e-33,1.11845632955057,2.88154367044943,0,28,72
Pionopsitta.pileata,4.25547662202373,0.890787807810891,2.1213161467274,1.24337266748545,20.9,49.8,29.2
Heliactin.bilophus,3.02800251889388,1.1564768373807,0.507403600107654,1.36412208140553,38.2,16.8,45.1
Pionus.maximiliani,3.96171368500403,0.00168086520849752,1.94741786648839,2.01261495330714,0,49.2,50.8
Pionus.reichenowi,5.80046860041137,3.88096338077141,0.459090465191584,1.46041475444838,66.9,7.9,25.2
Heliomaster.furcifer,4.2873348778559,1.62010423512334,1.53954440259781,1.12768624013474,37.8,35.9,26.3
Heliomaster.squamosus,3.47493228936862,1.35109648077452,0.485294549834573,1.63854125875953,38.9,14,47.2
Heliothryx.auritus,3.36390571126035,0.718376854736324,0.523211170309775,2.12231768621425,21.4,15.6,63.1
Hoploxypterus.cayanus,3.56314284566649,0.175964131184937,1.67052410726808,1.71665460721347,4.9,46.9,48.2
Hydropsalis.maculicaudus,2.66984111203724,0.937851980821187,0.465843587668398,1.26614554354765,35.1,17.4,47.4
Hydropsalis.torquata,4.05584281528183,0.0248413432005334,2.4033775514172,1.6276239206641,0.6,59.3,40.1
Ibycter.americanus,3.49178515241804,3.32175226169316,0.0582394711502191,0.111793419574663,95.1,1.7,3.2
Hylocharis.chrysura,2.70590671815475,0.29970687198177,0.775868271100302,1.63033157507268,11.1,28.7,60.3
Hylocharis.cyanus,3.98631205061096,0.750436458384493,1.09646483976031,2.13941075246615,18.8,27.5,53.7
Ictinia.mississippiensis,1.03048862442973,0.889100271607431,0.021955905122446,0.119432447699854,86.3,2.1,11.6
Ictinia.plumbea,3.29200317734847,0.703889499999185,0.84567555140928,1.74243812594001,21.4,25.7,52.9
Pyriglena.leuconota,8.25644644983758,6.57331773031996,0.486300990963588,1.19682772855403,79.6,5.9,14.5
Ixobrychus.exilis,4.78735450699899,0.372803165049619,0.801082064938925,3.61346927701045,7.8,16.7,75.5
Ixobrychus.involucris,4.13727485913231,1.0038533482859,1.39499450914219,1.73842700170422,24.3,33.7,42
Jacamaralcyon.tridactyla,2.31952638028179,0.492863448973363,0.436097463648383,1.39056546766004,21.2,18.8,60
Jacana.jacana,4,1.67546875278688e-33,1.11845632955057,2.88154367044943,0,28,72
Sittasomus.griseicapillus,4,1.67546875278688e-33,1.11845632955057,2.88154367044943,0,28,72
Anabacerthia.amaurotis,4.18544214616465,1.45122507657539,1.47348380522531,1.26073326436396,34.7,35.2,30.1
Alectrurus.risora,3.08943612186902,0.79778343105918,0.630519421187208,1.66113326962263,25.8,20.4,53.8
Antilophia.galeata,1.84685407931147,0.564998956962627,0.430718665162359,0.851136457186484,30.6,23.3,46.1
Malacoptila.striata,2.79641948406022,0.25449912650307,0.921796224246806,1.62012413331034,9.1,33,57.9
Myiothlypis.leucophrys,2.41378678758859,1.380448015846,0.127490275732335,0.905848496010256,57.2,5.3,37.5
Batara.cinerea,4.32350695995261,1.70971025678319,1.39374399937083,1.22005270379859,39.5,32.2,28.2
Mareca.sibilatrix,6.06427188265355,4.97997000751472,0.2618461691098,0.822455706029025,82.1,4.3,13.6
Cacicus.solitarius,3.11915732868953,0.555048576939754,0.205990195563247,2.35811855618653,17.8,6.6,75.6
Calyptura.cristata,2.31567460524192,0.525266369593185,0.136445671726327,1.65396256392241,22.7,5.9,71.4
Carpornis.cucullata,3.6392100123816,0.490960640582424,1.31612284455204,1.83212652724714,13.5,36.2,50.3
Casiornis.rufus,1.738202891086,0.387218555152805,0.455501538773707,0.895482797159492,22.3,26.2,51.5
Casiornis.fuscus,8.05337947999069,6.38704777272737,0.449842377635947,1.21648932962737,79.3,5.6,15.1
Cercomacroides.laeta,6.69703462215499,5.6346289903163,0.440092779480566,0.62231285235812,84.1,6.6,9.3
Clibanornis.dendrocolaptoides,4.29368310118916,2.50977810817239,0.872231380851749,0.911673612165017,58.5,20.3,21.2
Colonia.colonus,3.63923982450391,0.00450965709366763,0.674376095396586,2.96035407201366,0.1,18.5,81.3
Pogonotriccus.eximius,3.24189344369166,0.234803636747009,1.22945664176566,1.77763316517899,7.2,37.9,54.8
Cranioleuca.semicinerea,6.01922514730989,4.07555847327657,0.171801257998971,1.77186541603434,67.7,2.9,29.4
Cyanocorax.cyanopogon,4.47218366876719,1.61555719559179,0.518103205706412,2.33852326746899,36.1,11.6,52.3
Anumara.forbesi,7.68573966652141,5.44788966743969,0.692652407503999,1.54519759157771,70.9,9,20.1
Cyanoloxia.brissonii,4,1.67546875278688e-33,1.11845632955057,2.88154367044943,0,28,72
Cyanoloxia.glaucocaerulea,3.80505411377652,1.22510108822492,1.49948389698977,1.08046912856183,32.2,39.4,28.4
Dacnis.cayana,4.53059504267761,4.53059504267761,0,0,100,0,0
Phleocryptes.melanops,5.20150709665635,1.86410540365144,1.41341375223201,1.9239879407729,35.8,27.2,37
Dysithamnus.stictothorax,3.92872273380281,0.0684155521234177,1.21181490142544,2.64849228025395,1.7,30.8,67.4
Drymophila.rubricollis,3.45276845019619,1.51005715040637,1.0282200374095,0.914491262380321,43.7,29.8,26.5
Elaenia.parvirostris,3.80311976447714,0.936091130128247,1.69540206817508,1.17162656617382,24.6,44.6,30.8
Griseotyrannus.aurantioatrocristatus,4.18655577918,2.72299433999889,0.716429161182701,0.747132277998401,65,17.1,17.8
Euphonia.violacea,3.81441782910984,0.018127358967206,1.98940211962799,1.80688835051464,0.5,52.2,47.4
Fluvicola.albiventer,3.41495917624891,1.21984765166118,0.567293375288528,1.6278181492992,35.7,16.6,47.7
Formicivora.iheringi,4.85239841173297,3.65046820090651,0.132626144593291,1.06930406623317,75.2,2.7,22
Furnarius.rufus,3.65790732940841,0.0752181161416857,1.19811986445426,2.38456934881246,2.1,32.8,65.2
Geositta.cunicularia,6.94205073203787,5.06199556552741,0.515336529593332,1.36471863691712,72.9,7.4,19.7
Herpsilochmus.sellowi,5.73744248921309,3.88900220133961,0.186123747160512,1.66231654071297,67.8,3.2,29
Hemitriccus.obsoletus,5.19125096116955,3.16195270483848,0.985753948269837,1.04354430806124,60.9,19,20.1
Hemitriccus.diops,3.44885677327652,0.0757761483315534,1.28913974937564,2.08394087556932,2.2,37.4,60.4
Hemitriccus.furcatus,2.85987177424421,0.325889538995868,0.145725369781848,2.3882568654665,11.4,5.1,83.5
Herpsilochmus.atricapillus,3.12728068955822,0.674126167456782,0.765694711222158,1.68745981087928,21.6,24.5,54
Hemitriccus.kaempferi,4.45164955257922,2.70201062265221,0.413353447978772,1.33628548194824,60.7,9.3,30
Hemitriccus.nidipendulus,2.99028536591205,0.647263886344459,0.525022363920241,1.81799911564735,21.6,17.6,60.8
Castanozoster.thoracicus,3.62344749426357,0.94575040271649,1.27347848805933,1.40421860348775,26.1,35.1,38.8
Hylopezus.nattereri,4.75431040924098,2.6514263903038,0.875587250072933,1.22729676886424,55.8,18.4,25.8
Hylopezus.ochroleucus,5.66485435541989,3.7084788654075,0.153091372062149,1.80328411795025,65.5,2.7,31.8
Hymenops.perspicillatus,4.90500181578864,1.70892525411786,1.30088343334362,1.89519312832716,34.8,26.5,38.6
Larus.cirrocephalus,4,1.67546875278688e-33,1.11845632955057,2.88154367044943,0,28,72
Larus.maculipennis,5.07497877350172,1.01156558673432,1.63538582603105,2.42802736073635,19.9,32.2,47.8
Laterallus.leucopyrrhus,4.77046870592085,1.06416352148691,2.09334278370001,1.61296240073393,22.3,43.9,33.8
Laterallus.melanophaius,4,1.67546875278688e-33,1.11845632955057,2.88154367044943,0,28,72
Laterallus.xenopterus,1.9638816754313,0.263943568852715,0.533443733180189,1.16649437339839,13.4,27.2,59.4
Leptotila.rufaxilla,4,1.67546875278688e-33,1.11845632955057,2.88154367044943,0,28,72
Leucochloris.albicollis,3.48158858294608,0.26636818255623,1.52652694360521,1.68869345678463,7.7,43.8,48.5
Limosa.haemastica,5.57455351285153,3.31945197803981,0.437006901143452,1.81809463366826,59.5,7.8,32.6
Lophornis.magnificus,3.8284374987013,0.0241289815966789,1.55970465965253,2.24460385745209,0.6,40.7,58.6
Myrmoderus.loricatus,3.72374986505202,1.36507885234977,0.686238181443135,1.67243283125912,36.7,18.4,44.9
Rhopias.gularis,3.10275631004707,0.204380035403314,1.46605014352405,1.43232613111971,6.6,47.2,46.2
Stigmatura.bahiae,6.80986478351814,4.62196190777218,0.181389257401164,2.00651361834479,67.9,2.7,29.5
Pseudopipra.pipra,4.46701543397239,2.15571219409789,0.929627959833023,1.38167528004148,48.3,20.8,30.9
Ceratopipra.rubrocapilla,5.48631654763237,3.14022573357702,0.893422831018329,1.45266798303702,57.2,16.3,26.5
Philohydor.lictor,4.43101498154925,2.16735796994173,0.620433917065573,1.64322309454195,48.9,14,37.1
Mesembrinibis.cayennensis,3.59610542469283,0.00724442318873628,0.747414742235724,2.84144625926837,0.2,20.8,79
Microspingus.lateralis,2.34875973393636,1.02515310968567,0.10316297796198,1.22044364628871,43.6,4.4,52
Sporophila.nigricollis,3.53065266575495,0.20588321279007,1.57931545172926,1.74545400123562,5.8,44.7,49.4
Tangara.ornata,3.58388302012644,0.480666614705303,0.567993114022741,2.5352232913984,13.4,15.8,70.7
Tangara.sayaca,4,1.67546875278688e-33,1.11845632955057,2.88154367044943,0,28,72
Notharchus.swainsoni,2.82032657717242,0.0630394611280104,0.387024757040466,2.37026235900395,2.2,13.7,84
Xenops.rutilus,3.98950790022244,2.58214634018622e-05,0.514273256540839,3.4752088222182,0,12.9,87.1
Macropsalis.forcipata,4.30480014798428,0.861388622904894,1.57721530621275,1.86619621886664,20,36.6,43.4
Megascops.choliba,4,1.67546875278688e-33,1.11845632955057,2.88154367044943,0,28,72
Megascops.atricapilla,3.02056425773095,0.0370033313247749,0.952586401564074,2.0309745248421,1.2,31.5,67.2
Megascops.sanctaecatarinae,6.1866558230684,4.93486040940273,0.274332303227904,0.977463110437775,79.8,4.4,15.8
Melanerpes.flavifrons,3.67294467007822,0.0542850194389075,1.93700967178216,1.68164997885716,1.5,52.7,45.8
Melanerpes.candidus,3.68996574755208,0.00970286139790586,1.04641554278583,2.63384734336834,0.3,28.4,71.4
Systellura.longirostris,4.02874530468013,0.266769649348329,0.429981373012258,3.33199428231954,6.6,10.7,82.7
Mitu.mitu,7.24389983736938,6.501909501636,0.244162806743937,0.497827528989438,89.8,3.4,6.9
Neocrex.erythrops,5.19408029262307,2.30877723451065,1.3059610086157,1.57934204949671,44.5,25.1,30.4
Neomorphus.geoffroyi,4.27602157440098,1.74508441402238,0.450927769405936,2.08000939097267,40.8,10.5,48.6
Micrastur.mintoni,5.16116662141668,3.19913379341045,0.754750442106287,1.20728238589994,62,14.6,23.4
Micrastur.mirandollei,4.15752377894261,3.48662794683474,0.209552499756645,0.461343332351222,83.9,5,11.1
Micrastur.semitorquatus,3.96237196630499,0.00130376181221397,1.98049232523421,1.98057587925856,0,50,50
Micropygia.schomburgkii,3.00898861710136,1.01094319924506,0.607139926565242,1.39090549129106,33.6,20.2,46.2
Milvago.chimachima,4,1.67546875278688e-33,1.11845632955057,2.88154367044943,0,28,72
Momotus.momota,3.49925716393027,1.7392310074889,0.400194222906261,1.35983193353511,49.7,11.4,38.9
Monasa.morphoeus,4.8617673137352,3.15378291168717,0.414631685082114,1.29335271696591,64.9,8.5,26.6
Monasa.nigrifrons,4.64164351259913,2.55974615580704,0.383752664198092,1.698144692594,55.1,8.3,36.6
Nomonyx.dominicus,4,1.67546875278688e-33,1.11845632955057,2.88154367044943,0,28,72
Nonnula.rubecula,3.3036916020309,0.0531898888959795,1.38408828667895,1.86641342645597,1.6,41.9,56.5
Nothura.boraquira,4.95393026988746,3.07462662377465,0.253103908080581,1.62619973803224,62.1,5.1,32.8
Numenius.borealis,6.66851386583961,5.35026764887219,0.353577191907604,0.96466902505981,80.2,5.3,14.5
Nyctibius.aethereus,2.86419237454759,0.0477171696308102,0.650945087906316,2.16553011701047,1.7,22.7,75.6
Nyctibius.leucopterus,4.51576666485919,2.94907636847508,0.215445068682398,1.35124522770171,65.3,4.8,29.9
Nyctipolus.hirundinaceus,6.2815960262719,4.26491018086057,0.249554299306959,1.76713154610437,67.9,4,28.1
Nystalus.chacuru,3.62572912378565,0.00746741820512241,0.7237227902813,2.89453891529922,0.2,20,79.8
Nystalus.maculatus,4.87102148355353,2.2634673792596,0.438560970271766,2.16899313402216,46.5,9,44.5
Odontophorus.capueira,3.89855821449939,0.00719662761319786,2.28809046596758,1.60327112091862,0.2,58.7,41.1
Oxyura.vittata,6.17331659613718,5.65054089483735,0.0672646517757696,0.455511049524062,91.5,1.1,7.4
Pardirallus.nigricans,4,1.67546875278688e-33,1.11845632955057,2.88154367044943,0,28,72
Pardirallus.sanguinolentus,4.81918727154977,2.18026159010416,1.39049846666575,1.24842721477987,45.2,28.9,25.9
Porphyrio.flavirostris,2.31973649947232,0.246127684887122,0.387283092643335,1.68632572194187,10.6,16.7,72.7
Patagioenas.maculosa,4.04868456312856,2.14148043810685,1.00576887232518,0.901435252696526,52.9,24.8,22.3
Penelope.superciliaris,3.92504153020596,0.00588290990203791,2.05531596439699,1.86384265590693,0.1,52.4,47.5
Patagioenas.picazuro,3.66717057616649,0.075446337248806,1.09240556050025,2.49931867841744,2.1,29.8,68.2
Patagioenas.plumbea,3.77623072256423,0.0971139060947748,1.18447465434669,2.49464216212276,2.6,31.4,66.1
Patagioenas.speciosa,3.38403089865591,0.0728009509796037,0.672672002260707,2.6385579454156,2.2,19.9,78
Vanellus.chilensis,4,1.67546875278688e-33,1.11845632955057,2.88154367044943,0,28,72
Penelope.obscura,4.32942076961651,1.36518244893145,1.5619400446336,1.40229827605146,31.5,36.1,32.4
Penelope.jacucaca,5.94732386625008,4.87423105221001,0.065864045047286,1.00722876899278,82,1.1,16.9
Phaethornis.eurynome,3.55472612701149,0.198714767530384,2.03234472279129,1.32366663668982,5.6,57.2,37.2
Veniliornis.affinis,5.52172451859739,3.45100921928957,0.495913425896289,1.57480187341153,62.5,9,28.5
Phaethornis.idaliae,3.83016837839524,1.45765532722453,0.470321989090043,1.90219106208066,38.1,12.3,49.7
Phaethornis.malaris,6.01006647978435,3.91530105912852,0.463938741615562,1.63082667904027,65.1,7.7,27.1
Phaethornis.pretrei,2.92731952434952,0.213499691403514,1.16978595430123,1.54403387864477,7.3,40,52.7
Phaethornis.ruber,4.01158838898186,1.14277877050694,0.636561018361243,2.23224860011368,28.5,15.9,55.6
Phaethornis.squalidus,3.18611729203646,0.35680794951352,0.513906950361218,2.31540239216172,11.2,16.1,72.7
Phaetusa.simplex,4,1.67546875278688e-33,1.11845632955057,2.88154367044943,0,28,72
Phimosus.infuscatus,3.49533062539354,0.289517273876767,1.45699571343144,1.74881763808533,8.3,41.7,50
Phacellodomus.ferrugineigula,3.97346853541668,0.723259109235423,1.46277296323161,1.78743646294964,18.2,36.8,45
Phacellodomus.rufifrons,3.89924481232945,1.03822856728686,0.770906812728551,2.09010943231405,26.6,19.8,53.6
Piculus.flavigula,3.45860622328427,0.703275862071075,0.431386119004322,2.32394424220888,20.3,12.5,67.2
Picumnus.albosquamatus,1.69750944818907,0.442757691677182,0.517811105259029,0.73694065125286,26.1,30.5,43.4
Picumnus.cirratus,2.61703108962137,0.294695867175901,0.909221624668014,1.41311359777745,11.3,34.7,54
Picumnus.exilis,5.86671090278186,3.96061143172597,0.365865571513839,1.54023389954205,67.5,6.2,26.3
Picumnus.fulvescens,7.35149437742168,5.80097895579552,0.418657159220583,1.13185826240557,78.9,5.7,15.4
Picumnus.nebulosus,5.80960994199558,4.64087628184757,0.296506084462957,0.872227575685058,79.9,5.1,15
Picumnus.temminckii,4.53644213951547,2.55148940091007,0.876670004250172,1.10828273435522,56.2,19.3,24.4
Picumnus.pygmaeus,6.99643403302068,4.77988446311723,0.252872201897992,1.96367736800546,68.3,3.6,28.1
Pilherodius.pileatus,1.99274885805699,0.517259031362436,0.443841107025966,1.03164871966859,26,22.3,51.8
Pipile.cumanensis,1.14161566509521,1.14161566509521,0,0,100,0,0
Plegadis.chihi,3.58298437961501,0.817152303784422,1.55493526968144,1.21089680614915,22.8,43.4,33.8
Pluvialis.dominica,6.12811148065368,4.38610397600169,0.519993409543784,1.22201409510821,71.6,8.5,19.9
Podiceps.major,6.563252058353,4.64661418761397,0.543410456553675,1.37322741418535,70.8,8.3,20.9
Porzana.albicollis,4,1.67546875278688e-33,1.11845632955057,2.88154367044943,0,28,72
Primolius.maracana,3.70288538005551,0.0145167469413782,0.83457380623826,2.85379482687587,0.4,22.5,77.1
Psittacara.leucophthalmus,3.61745351741878,0.0747320946122803,1.72664943898967,1.81607198381683,2.1,47.7,50.2
Pteroglossus.aracari,3.2156263629788,0.26878900485092,0.746604278729455,2.20023307939843,8.4,23.2,68.4
Pteroglossus.bailloni,3.37267406737331,0.0983592512753008,2.06108159069169,1.21323322540632,2.9,61.1,36
Pteroglossus.castanotis,3.02350626437157,0.508177459658878,0.612981262525271,1.90234754218742,16.8,20.3,62.9
Pteroglossus.inscriptus,7.72238400678161,5.93318576764991,0.448619431947845,1.34057880718385,76.8,5.8,17.4
Rhea.americana,4,1.67546875278688e-33,1.11845632955057,2.88154367044943,0,28,72
Pyrrhura.cruentata,3.84851800139242,1.62179415213101,0.43000994389197,1.79671390536944,42.1,11.2,46.7
Pyrrhura.frontalis,3.59506983154807,0.10394860127339,1.40091665298568,2.090204577289,2.9,39,58.1
Pyrrhura.leucotis,3.79537416014559,1.45442848795066,0.390496185931545,1.95044948626339,38.3,10.3,51.4
Rallus.longirostris,5.79380539855539,2.2919254448661,1.56873801018236,1.93314194350693,39.6,27.1,33.4
Ramphastos.ariel,4.14096734845398,0.637267450274036,1.0329866193963,2.47071327878364,15.4,24.9,59.7
Ramphastos.culminatus,3.04330901087089,2.82568078756575,0.0527686198896519,0.164859603415481,92.8,1.7,5.4
Ramphastos.dicolorus,3.44032297601412,0.326321566529875,1.38445941279643,1.72954199668781,9.5,40.2,50.3
Ramphastos.toco,3.44160486454824,0.371399368600886,1.4391742413301,1.63103125461726,10.8,41.8,47.4
Rhynchotus.rufescens,3.97431498888149,8.11270384638212e-05,1.37939684649053,2.5948370153525,0,34.7,65.3
Rostrhamus.sociabilis,6.81439717727931,5.5638029467363,0.324707130278798,0.925887100264214,81.6,4.8,13.6
Rufirallus.viridis,3.84766073941726,1.15663756375742,0.994846803715182,1.69617637194466,30.1,25.9,44.1
Rupornis.magnirostris,4.53059504267761,4.53059504267761,0,0,100,0,0
Sarkidiornis.sylvicola,4,1.67546875278688e-33,1.11845632955057,2.88154367044943,0,28,72
Selenidera.maculirostris,3.58046544108958,0.0613031516300945,1.8428897464202,1.67627254303928,1.7,51.5,46.8
Setopagis.parvula,3.80920429377695,0.0268652770317293,2.077165865696,1.70517315104922,0.7,54.5,44.8
Spatula.platalea,7.37142941009856,5.49389898560692,0.507542305810746,1.36998811868089,74.5,6.9,18.6
Spatula.versicolor,4.13355277600217,2.0452520436511,0.983536599936475,1.10476413241459,49.5,23.8,26.7
Spizaetus.ornatus,3.56697800327621,0.192097468536559,1.9612780346083,1.41360250013135,5.4,55,39.6
Spizaetus.tyrannus,4.33556060386577,0.26978367006591,2.35436875653058,1.71140817726928,6.2,54.3,39.5
Steganopus.tricolor,5.34058167115813,4.39895640386305,0.45242275359696,0.489202513698114,82.4,8.5,9.2
Stephanoxis.lalandi,2.42696225687093,0.872609052396855,0.19624057873008,1.35811262574399,36,8.1,56
Stephanoxis.loddigesii,3.86977608397644,1.41295692013201,1.36244116037735,1.09437800346708,36.5,35.2,28.3
Sterna.hirundinacea,5.99111822447175,4.23356152696883,0.478269617090724,1.27928708041219,70.7,8,21.4
Sterna.trudeaui,4.28193813753745,1.34374455557131,1.17021691975275,1.76797666221339,31.4,27.3,41.3
Sternula.superciliaris,3.53356250828999,0.277589609172261,1.36768359926667,1.88828929985106,7.9,38.7,53.4
Strix.hylophila,4.2886478523609,1.40193753250739,1.48267615507201,1.4040341647815,32.7,34.6,32.7
Syrigma.sibilatrix,3.61888087872117,0.868417270368571,1.60826523243093,1.14219837592167,24,44.4,31.6
Tachornis.squamata,2.58899230757579,2.22831320159733,0.130975645559604,0.229703460418855,86.1,5.1,8.9
Thalurania.watertonii,8.13763326960026,6.47088738138252,0.469421476284667,1.19732441193307,79.5,5.8,14.7
Tigrisoma.lineatum,4,1.67546875278688e-33,1.11845632955057,2.88154367044943,0,28,72
Trogon.curucui,5.52825674412296,3.17450696987738,0.520230475464429,1.83351929878116,57.4,9.4,33.2
Touit.melanonotus,3.65374713254548,0.44859688428218,0.395148206781368,2.81000204148193,12.3,10.8,76.9
Touit.surdus,5.3245104689421,1.73485461056831,1.60043211182367,1.98922374655012,32.6,30.1,37.4
Triclaria.malachitacea,4.48832207610404,0.373420241108763,1.69711842728969,2.41778340770558,8.3,37.8,53.9
Trogon.aurantius,2.88991998608182,0.906837737497851,0.390832500278196,1.59224974830577,31.4,13.5,55.1
Uropelia.campestris,3.60876267602292,3.29134429968249,0.0542969701043701,0.263121406236062,91.2,1.5,7.3
Trogon.surrucura,3.47219900256658,0.538272153558708,1.52342324723626,1.41050360177162,15.5,43.9,40.6
Trogon.viridis,3.54234885072421,0.553356607913721,0.708596985825798,2.28039525698469,15.6,20,64.4
Veniliornis.maculifrons,3.71375882036957,1.13899462074058,0.381037722684488,2.19372647694451,30.7,10.3,59.1
Veniliornis.mixtus,3.03817766532864,2.2504645094631,0.107492534788923,0.680220621076619,74.1,3.5,22.4
Anthus.lutescens,4,1.67546875278688e-33,1.11845632955057,2.88154367044943,0,28,72
Conopophaga.cearae,8.15726767197081,6.37734339653882,0.509440137291589,1.27048413814041,78.2,6.2,15.6
Conopophaga.lineata,3.58245407398966,0.0770407610022611,1.06218488435998,2.44322842862742,2.2,29.6,68.2
Contopus.cinereus,3.76122645748022,0.031844694588099,2.02745768303873,1.70192407985339,0.8,53.9,45.2
Cichlocolaptes.holti,3.21724099446385,1.06044785179508,0.762908041547508,1.39388510112126,33,23.7,43.3
Cichlocolaptes.leucophrus,3.56958869863698,1.73366022549658,0.490035245361885,1.34589322777851,48.6,13.7,37.7
Cichlopsis.leucogenys,4.46461437966757,2.43413337285713,0.527980035906878,1.50250097090356,54.5,11.8,33.7
Dendrocincla.turdina,3.65024709630269,0.0291996249179269,2.17458738536529,1.44646008601948,0.8,59.6,39.6
Formicivora.paludicola,1.63831205537396,0.841518494972901,0.329347123163775,0.467446437237286,51.4,20.1,28.5
Elaenia.chiriquensis,3.28925817061209,0.324484471608936,1.21934851356041,1.74542518544275,9.9,37.1,53.1
Elaenia.sordida,3.58268602656668,0.110841897081989,1.09801418366646,2.37382994581822,3.1,30.6,66.3
Furnarius.leucopus,5.3232828035907,3.17382993348949,0.196752269805879,1.95270060029533,59.6,3.7,36.7
Euscarthmus.meloryphus,4.00459179157903,1.08792363813558e-05,1.54669507798611,2.45788583435654,0,38.6,61.4
Formicivora.grisea,5.10453817721203,2.40021117138818,0.863976374985337,1.84035063083852,47,16.9,36.1
Formicivora.serrana,3.2055669310315,1.7404881844954,0.238469153824732,1.22660959271137,54.3,7.4,38.3
Herpsilochmus.rufimarginatus,2.61000116313496,0.156702087660847,0.947692452313557,1.50560662316055,6,36.3,57.7
Hylophilus.thoracicus,3.45421702896022,1.14580769265323,0.40952628804928,1.89888304825771,33.2,11.9,55
Laniisoma.elegans,2.59508160936425,0.36298177269469,0.557972579523896,1.67412725714566,14,21.5,64.5
Mackenziaena.leachii,4.02269125531229,0.879282969245137,1.68554953935865,1.4578587467085,21.9,41.9,36.2
Manacus.manacus,3.24574416455347,0.198026078948962,1.20602655066819,1.84169153493631,6.1,37.2,56.7
Myiarchus.swainsoni,4,1.67546875278688e-33,1.11845632955057,2.88154367044943,0,28,72
Myiodynastes.solitarius,4,1.67546875278688e-33,1.11845632955057,2.88154367044943,0,28,72
Myiarchus.tyrannulus,3.51852503538159,0.555432171978738,1.08777136769861,1.87532149570424,15.8,30.9,53.3
Myiobius.barbatus,4.72304951622402,1.15000523012456,1.45196023261751,2.12108405348194,24.3,30.7,44.9
Myiophobus.fasciatus,4,1.67546875278688e-33,1.11845632955057,2.88154367044943,0,28,72
Myrmotherula.luctuosa,4.50685032440342,2.06001567151799,0.558036878916257,1.88879777396916,45.7,12.4,41.9
Neopelma.pallescens,3.56155597836541,0.98340842315301,0.483934522513893,2.0942130326985,27.6,13.6,58.8
Pachyramphus.viridis,4,1.67546875278688e-33,1.11845632955057,2.88154367044943,0,28,72
Procnias.averano,8.05337947999069,6.38704777272737,0.449842377635947,1.21648932962737,79.3,5.6,15.1
Progne.subis,3.71974600975747,0.028670657064027,1.85088387991981,1.84019147277363,0.8,49.8,49.5
Phaeomyias.murina,3.24092449475928,0.540182234485615,0.989070288606118,1.71167197166755,16.7,30.5,52.8
Phyllomyias.burmeisteri,3.98493254965781,0.286440298552392,2.18687289472707,1.51161935637834,7.2,54.9,37.9
Phyllomyias.griseocapilla,3.31755589249741,0.313657132941673,0.372238747749994,2.63166001180574,9.5,11.2,79.3
Piprites.pileata,4.62305305624452,2.52626444908187,0.895079398436771,1.20170920872587,54.6,19.4,26
Poecilotriccus.plumbeiceps,3.73575657369227,0.113251203847954,1.65611714969246,1.96638822015186,3,44.3,52.6
Psilorhamphus.guttatus,3.66460215486617,0.740559935300314,1.62092658591686,1.303115633649,20.2,44.2,35.6
Thamnophilus.ruficapillus,4.24853694160906,0.679851242320218,1.67871712348577,1.88996857580307,16,39.5,44.5
Ramphotrigon.megacephalum,3.83070280149808,1.11445541054929,1.38387127081459,1.33237612013421,29.1,36.1,34.8
Rhynchocyclus.olivaceus,4.87314759970397,2.31061426599536,0.690445470518727,1.87208786318988,47.4,14.2,38.4
Schoeniophylax.phryganophilus,3.6022870777349,0.328550492304842,0.656234017395821,2.61750256803423,9.1,18.2,72.7
Sclerurus.caudacutus,5.05658664560943,2.94934292777726,0.56018914208104,1.54705457575113,58.3,11.1,30.6
Sclerurus.cearensis,8.15726767197081,6.37734339653882,0.509440137291589,1.27048413814041,78.2,6.2,15.6
Sakesphorus.cristatus,6.1084087250077,3.31617592056593,0.294289805368109,2.49794299907366,54.3,4.8,40.9
Sclerurus.scansor,3.57883678441464,0.111083274055756,1.39393763874083,2.07381587161805,3.1,38.9,57.9
Schiffornis.turdina,4.80030060212371,2.31052953695435,0.698072568644148,1.79169849652521,48.1,14.5,37.3
Scytalopus.gonzagai,4.74218719943725,3.6879181157659,0.0767467204178334,0.977522363253516,77.8,1.6,20.6
Scytalopus.pachecoi,6.35038773284709,5.04231679516347,0.18424157511819,1.12382936256543,79.4,2.9,17.7
Sirystes.sibilator,3.57474409911674,0.0996430027992739,1.15840276367207,2.3166983326454,2.8,32.4,64.8
Serpophaga.nigricans,3.42575694490987,0.341746465267022,1.39006137921786,1.69394910042499,10,40.6,49.4
Serpophaga.subcristata,3.82289434724906,0.0127563893809278,1.18866741919653,2.6214705386716,0.3,31.1,68.6
Scytalopus.petrophilus,2.78744242063036,1.90041120455776,0.128401553984175,0.75862966208842,68.2,4.6,27.2
Sporophila.bouvreuil,3.84789209685287,0.8527741598724,0.824911252750438,2.17020668423003,22.2,21.4,56.4
Sporophila.pileata,3.18730078549558,0.430240617364482,1.3783867233838,1.3786734447473,13.5,43.2,43.3
Stigmatura.budytoides,6.51589731894566,3.94796782187717,0.12185862735652,2.44607086971197,60.6,1.9,37.5
Suiriri.suiriri,3.50810425016419,0.111546583909731,1.51853498526388,1.87802268099058,3.2,43.3,53.5
Synallaxis.hypospodia,3.36408940863484,1.3724909648357,0.480300651374481,1.51129779242466,40.8,14.3,44.9
Synallaxis.infuscata,8.36179486648739,6.75403061771492,0.539773651244675,1.0679905975278,80.8,6.5,12.8
Synallaxis.scutata,3.35383206375564,1.05410801522203,0.404930120597578,1.89479392793603,31.4,12.1,56.5
Tachuris.rubrigastra,5.81144273409348,4.19584024707498,0.418839146334274,1.19676334068423,72.2,7.2,20.6
Syndactyla.dimidiata,1.93186707682119,0.404453693164578,0.521076048735926,1.00633733492068,20.9,27,52.1
Lipaugus.conditus,1.65936557708239,0.654418082735362,0.0177741361852285,0.987173358161798,39.4,1.1,59.5
Tityra.braziliensis,3.97414718990163,0.000575450939693758,1.83851987586187,2.13505186310007,0,46.3,53.7
Tolmomyias.flaviventris,5.04239638296248,2.18888883755756,1.02375048543331,1.82975705997162,43.4,20.3,36.3
Turdus.albicollis,3.97211246873657,0.0393305460226268,2.17513331869085,1.7576486040231,1,54.8,44.2
Turdus.subalaris,3.41423897226444,0.516861849092081,1.49593797682126,1.4014391463511,15.1,43.8,41
Xenopsaris.albinucha,3.33791548553647,1.39363306538627,0.453767631207971,1.49051478894223,41.8,13.6,44.7
Xenops.minutus,3.52009307616307,0.0142598700555717,1.35470220547864,2.15113100062886,0.4,38.5,61.1
Xiphorhynchus.atlanticus,8.15726767197081,6.37734339653882,0.509440137291589,1.27048413814041,78.2,6.2,15.6
Cacicus.cela,7.23115901484258,5.21737851719776,0.416781527312145,1.59699897033268,72.2,5.8,22.1
Charitospiza.eucosma,2.23876480454997,0.682757998011258,0.633910570601991,0.922096235936724,30.5,28.3,41.2
Geothlypis.aequinoctialis,3.80247460243882,0.0128587453777074,1.66091895763904,2.12869689942208,0.3,43.7,56
Nemosia.rourei,2.27891107124611,0.85881248307276,0.170098152562944,1.25000043561041,37.7,7.5,54.9
Microspingus.cinereus,2.54931068814153,1.05870895113974,0.558009426041195,0.932592310960601,41.5,21.9,36.6
Tangara.brasiliensis,4.41613376532824,1.69549403867048,1.13890367441984,1.58173605223792,38.4,25.8,35.8
Pipraeidea.bonariensis,4.26374903596327,1.99980776786755,1.12104469490156,1.14289657319417,46.9,26.3,26.8
Poospiza.nigrorufa,6.13532040121258,4.50011803502828,0.397425672597501,1.2377766935868,73.3,6.5,20.2
Saltator.coerulescens,4.84197156662659,2.8883130480469,0.946064494584791,1.0075940239949,59.7,19.5,20.8
Hemitriccus.orbitatus,2.69637276960964,0.120804651206434,0.47784161677906,2.09772650162414,4.5,17.7,77.8
Rhytipterna.simplex,4.3870415222211,1.40042362693212,0.774146849327458,2.21247104596153,31.9,17.6,50.4
Embernagra.longicauda,4.6793953068465,3.06982824893457,0.374774286527403,1.23479277138453,65.6,8,26.4
Embernagra.platensis,4.017460230534,0.940511656530575,1.43092863605124,1.64601993795219,23.4,35.6,41
Accipiter.poliogaster,3.6994481269586,0.0645814887732685,2.0205802689054,1.61428636927993,1.7,54.6,43.6
Forpus.xanthopterygius,3.6533627416674,0.11842986897493,1.76821546339282,1.76671740929965,3.2,48.4,48.4
Geotrygon.violacea,3.32245676795216,0.0315655956074281,1.12239021273154,2.1685009596132,1,33.8,65.3
Glaucidium.minutissimum,3.0428755285493,0.133351753557563,1.35637181373901,1.55315196125273,4.4,44.6,51
Anumbius.annumbi,4.06857452436846,1.16352868856131,1.41046651924955,1.4945793165576,28.6,34.7,36.7
Cacicus.haemorrhous,3.8536163438874,0.016473759850322,2.08963037688365,1.74751220715342,0.4,54.2,45.3
Camptostoma.obsoletum,4,1.67546875278688e-33,1.11845632955057,2.88154367044943,0,28,72
Chlorophonia.cyanea,3.61791754133318,0.207381041048141,1.78710752898122,1.62342897130382,5.7,49.4,44.9
Euphonia.chalybea,3.79899166930981,1.05558698064934,1.63224655079385,1.11115813786662,27.8,43,29.2
Gnorimopsar.chopi,4,1.67546875278688e-33,1.11845632955057,2.88154367044943,0,28,72
Myrmoderus.squamosus,3.75324209304673,1.10622455839142,1.30161439261318,1.34540314204214,29.5,34.7,35.8
Anabacerthia.lichtensteini,3.17120934649217,0.0357452856979466,0.482930616549188,2.65253344424504,1.1,15.2,83.6
Nyctibius.grandis,2.73983855040614,0.744988643493726,0.393358195738441,1.60149171117397,27.2,14.4,58.5
Nyctibius.griseus,4,1.67546875278688e-33,1.11845632955057,2.88154367044943,0,28,72
Ortalis.araucuan,5.84585962299087,3.73717730858665,0.346633382362537,1.76204893204168,63.9,5.9,30.1
Orthopsittaca.manilatus,3.37025420563027,3.11713337715542,0.0510155189591675,0.202105309515691,92.5,1.5,6
Parabuteo.leucorrhous,3.93168402860944,0.852805227428288,1.41067059878064,1.66820820240051,21.7,35.9,42.4
Polytmus.guainumbi,2.53297256881939,0.458128688221047,0.593089828356765,1.48175405224158,18.1,23.4,58.5
Mimus.triurus,4.81317849744498,2.28814670660824,0.558589033562827,1.96644275727391,47.5,11.6,40.9
Pseudastur.polionotus,4.63769669337469,0.0695768918100827,0.51280904251094,4.05531075905367,1.5,11.1,87.4
Pulsatrix.koeniswaldiana,3.49140889983247,0.341233329657697,1.50608866947991,1.64408690069486,9.8,43.1,47.1
Phylloscartes.ceciliae,5.96967596548051,4.9700117789341,0.157922749362923,0.841741437183486,83.3,2.6,14.1
Theristicus.caerulescens,6.26970121205562,5.5652503637656,0.089351455357347,0.615099392932668,88.8,1.4,9.8
Theristicus.caudatus,3.79405915705847,0.908679140858063,1.75242523520426,1.13295478099615,24,46.2,29.9
Tinamus.solitarius,3.91686978244313,0.0124633582142084,1.2546442326687,2.64976219156022,0.3,32,67.6
Veniliornis.passerinus,3.24765084357733,0.516025462051018,0.993436876939076,1.73818850458723,15.9,30.6,53.5
Veniliornis.spilogaster,3.56454029922281,0.591684074493917,1.62343832237135,1.34941790235754,16.6,45.5,37.9
Arremon.franciscanus,6.91591956156179,6.78091564531242,0.0121658184857952,0.122838097763567,98,0.2,1.8
Arremon.taciturnus,5.36390351819651,2.67387246666366,0.380393216490666,2.30963783504219,49.8,7.1,43.1
Machaeropterus.regulus,4.68166260704903,2.48136324288998,0.717571690839269,1.48272767331978,53,15.3,31.7
Xipholena.atropurpurea,5.41965034968588,2.9959393143417,0.704636555921697,1.71907447942249,55.3,13,31.7
Myiopagis.caniceps,3.63714501804591,0.0480555256341874,1.64735634384403,1.94173314856769,1.3,45.3,53.4
Myiopagis.gaimardii,3.90741642822928,2.38087400213192,0.151997246355225,1.37454517974213,60.9,3.9,35.2
Myrmotherula.unicolor,3.91459455354488,0.370910454621244,1.10953974144711,2.43414435747652,9.5,28.3,62.2
Poecilotriccus.fumifrons,8.05949963250614,6.16394447462774,0.400437035037771,1.49511812284063,76.5,5,18.6
Polystictus.pectoralis,3.34492289938591,0.397367325814338,1.41151881642899,1.53603675714257,11.9,42.2,45.9
Scytalopus.iraiensis,6.26416717290047,4.25749321035141,0.841912663543296,1.16476129900576,68,13.4,18.6
Thamnophilus.aethiops,9.44671650479662,7.99847640575794,0.627963274251581,0.8202768247871,84.7,6.6,8.7
Xiphorhynchus.fuscus,3.86351769389661,0.00236617174666915,0.60704358129349,3.25410794085645,0.1,15.7,84.2
Xiphorhynchus.guttatus,4.91693190192161,2.3497474409106,0.692181241475706,1.8750032195353,47.8,14.1,38.1
Agelaioides.badius,4.64028993489366,2.65537626765211,0.81359986026352,1.17131380697802,57.2,17.5,25.2
Agelaioides.fringillarius,7.6723222068343,4.941195665803,0.279979260480599,2.4511472805507,64.4,3.6,31.9
Basileuterus.auricapilla,4,1.67546875278688e-33,1.11845632955057,2.88154367044943,0,28,72
Myiothlypis.rivularis,3.16439441595963,0.00891164892391923,0.630610423149284,2.52487234388643,0.3,19.9,79.8
Piranga.flava,3.58652686245875,0.389352163373015,1.5999677435539,1.59720695553184,10.9,44.6,44.5
Tangara.cyanomelas,4.96884269089352,2.46923236524831,0.842675761948227,1.65693456369698,49.7,17,33.3
Tangara.flava,3.37649699264581,0.299747518326347,1.3879130047469,1.68883646957256,8.9,41.1,50
Terenura.maculata,3.25475748793268,0.0150104366049794,0.933448655053256,2.30629839627444,0.5,28.7,70.9
Anabazenops.fuscus,3.25497124858082,0.574131065608849,0.54996454635101,2.13087563662096,17.6,16.9,65.5
Anthus.chacoensis,6.76985145314703,6.76985145314703,0,0,100,0,0
Anthus.furcatus,6.42724522202382,4.14737368653268,0.416355321797967,1.86351621369317,64.5,6.5,29
Arundinicola.leucocephala,4,1.67546875278688e-33,1.11845632955057,2.88154367044943,0,28,72
Progne.tapera,4,1.67546875278688e-33,1.11845632955057,2.88154367044943,0,28,72
Asthenes.moreirae,2.19481894737285,1.10460655267392,0.113461653723526,0.976750740975409,50.3,5.2,44.5
Attila.rufus,3.92082885335472,0.188804762246553,0.901108049768106,2.83091604134007,4.8,23,72.2
Automolus.lammi,8.38225673346834,6.66885084061543,0.495549878240994,1.21785601461192,79.6,5.9,14.5
Automolus.leucophthalmus,3.73473927539109,0.0317801044668597,2.12511485534265,1.57784431558158,0.9,56.9,42.2
Campylorhamphus.falcularius,4.23278764768726,0.286297745993512,2.16558489614111,1.78090500555264,6.8,51.2,42.1
Campylorhamphus.trochilirostris,4.7246021136811,1.86252474800478,0.715002301180229,2.1470750644961,39.4,15.1,45.4
Chamaeza.ruficauda,4.72634268578485,1.0730097672433,1.94790452651252,1.70542839202903,22.7,41.2,36.1
Certhiaxis.cinnamomeus,4,1.67546875278688e-33,1.11845632955057,2.88154367044943,0,28,72
Chiroxiphia.caudata,3.47400798657212,0.117348644443718,1.63956641600118,1.71709292612722,3.4,47.2,49.4
Cinclodes.pabsti,6.97568931073085,4.20222861298469,1.68729834369876,1.0861623540474,60.2,24.2,15.6
Conopophaga.melanops,4.61028241508022,1.10471350236199,1.38623286964005,2.11933604307818,24,30.1,46
Cranioleuca.obsoleta,4.60310620701724,2.80561507788108,0.727142164509748,1.07034896462642,61,15.8,23.3
Cranioleuca.pallida,2.93145505147342,0.828363825409706,0.446050554801616,1.6570406712621,28.3,15.2,56.5
Dendrocolaptes.certhia,8.15726767197081,6.37734339653882,0.509440137291589,1.27048413814041,78.2,6.2,15.6
Donacospiza.albifrons,4.12170446343522,1.28234147354209,1.50422010818156,1.33514288171157,31.1,36.5,32.4
Drymophila.ferruginea,3.03068632180742,0.368924650752597,0.587726914351583,2.07403475670325,12.2,19.4,68.4
Drymophila.malura,4.14480205826466,1.23879399054289,1.39285317495144,1.51315489277032,29.9,33.6,36.5
Inezia.inornata,1.12843064825599,0.983925271055235,0.0330213495397286,0.111484027661025,87.2,2.9,9.9
Elaenia.cristata,6.22185042446437,3.49454873178094,0.622283844828883,2.10501784785455,56.2,10,33.8
Elaenia.spectabilis,4.23672603596354,1.3583814404614,0.819754515868569,2.05859007963357,32.1,19.3,48.6
Euphonia.xanthogaster,3.93013571293699,1.71048825290599,0.358660782804241,1.86098667722676,43.5,9.1,47.4
Formicarius.colma,4.37032292551148,0.335877636466033,1.19561113548346,2.83883415356199,7.7,27.4,65
Formicivora.erythronotos,4.50474452236658,4.50474452236658,0,0,100,0,0
Formicivora.melanogaster,4.14923819620672,1.60362318421402,0.681898230877171,1.86371678111553,38.6,16.4,44.9
Aramides.mangle,5.84021398059066,2.55037580774953,1.4604531458483,1.82938502699283,43.7,25,31.3
Aramides.saracura,4.08275893135949,0.561059082237815,2.04141376942283,1.48028607969885,13.7,50,36.3
Aramides.ypecaha,3.37271366353887,0.674344260728202,1.15589069892657,1.5424787038841,20,34.3,45.7
Gubernetes.yetapa,2.51013603589961,0.373161030745463,0.785405248906658,1.35156975624749,14.9,31.3,53.8
Haplospiza.unicolor,3.68637193001476,0.55206543352442,1.60449793566036,1.52980856082997,15,43.5,41.5
Hemithraupis.guira,3.68050396429807,0.417027505699097,1.99631858795408,1.26715787064489,11.3,54.2,34.4
Hemithraupis.ruficapilla,3.45003876224879,0.27076690974745,0.802704804482891,2.37656704801845,7.8,23.3,68.9
Herpsilochmus.longirostris,1.54840077754827,0.405205794392922,0.427361140494473,0.715833842660871,26.2,27.6,46.2
Icterus.pyrrhopterus,4,1.67546875278688e-33,1.11845632955057,2.88154367044943,0,28,72
Ilicura.militaris,3.02610977599511,0.0708594013632973,1.02687034779364,1.92838002683818,2.3,33.9,63.7
Iodopleura.pipra,4.09493547217535,0.901675573664532,1.05959758026677,2.13366231824405,22,25.9,52.1
Knipolegus.cyanirostris,3.50128525566195,0.219218604121323,1.6387931021384,1.64327354940223,6.3,46.8,46.9
Knipolegus.lophotes,3.45113864017729,0.431257759123206,0.763309362619573,2.25657151843452,12.5,22.1,65.4
Lathrotriccus.euleri,4,1.67546875278688e-33,1.11845632955057,2.88154367044943,0,28,72
Amazona.farinosa,3.7419436451337,0.692166572805239,0.73760261515508,2.31217445717338,18.5,19.7,61.8
Legatus.leucophaius,3.83868530825583,0.00379775350258237,1.61158443360903,2.22330312114422,0.1,42,57.9
Lepidocolaptes.squamatus,2.76139946851587,0.993394249781487,0.561086132425317,1.20691908630906,36,20.3,43.7
Leptopogon.amaurocephalus,3.9695389403232,0.000199127699703971,1.70107778079663,2.26826203182686,0,42.9,57.1
Leptasthenura.setaria,4.37966288433006,2.46563783133041,0.916321474471751,0.997703578527897,56.3,20.9,22.8
Lessonia.rufa,4.90309605977026,2.36344123058154,0.544348250476302,1.99530657871241,48.2,11.1,40.7
Coccycua.minuta,3.46320042781159,3.34602478448041,0.0379759159195769,0.0791997274116062,96.6,1.1,2.3
Leptasthenura.striolata,5.28276407455434,4.02965089581427,0.454365698809915,0.798747479930156,76.3,8.6,15.1
Lochmias.nematura,3.505178493879,0.100315551074945,1.48114210612308,1.92372083668098,2.9,42.3,54.9
Limnoctites.rectirostris,6.45868198345983,4.6865319569698,0.429899328818955,1.34225069767108,72.6,6.7,20.8
Limnornis.curvirostris,5.95991411201564,4.09236979159292,0.27419809677218,1.59334622365054,68.7,4.6,26.7
Lipaugus.lanioides,3.25773537914787,0.267130584095427,0.434540264646434,2.55606453040601,8.2,13.3,78.5
Lipaugus.vociferans,5.86588535366826,3.81199062631462,0.571762636628877,1.48213209072477,65,9.7,25.3
Mackenziaena.severa,3.24757244143992,0.0651779124855126,1.52715919742018,1.65523533153423,2,47,51
Megaxenops.parnaguae,6.1151108207866,5.0257017855718,0.079975923110618,1.00943311210419,82.2,1.3,16.5
Melanopareia.torquata,1.92727219323156,0.697599050880827,0.408767599078272,0.820905543272461,36.2,21.2,42.6
Merulaxis.ater,3.19439477010508,0.213074038630854,0.600906037423685,2.38041469405054,6.7,18.8,74.5
Mionectes.rufiventris,3.50738392675089,0.368928762564722,1.69370970442962,1.44474545975655,10.5,48.3,41.2
Charadrius.modestus,5.66809865946156,3.0056873981358,0.471359382635946,2.19105187868981,53,8.3,38.7
Muscipipra.vetula,3.83081665800225,0.774494047856068,1.60539213574433,1.45093047440186,20.2,41.9,37.9
Myiarchus.ferox,3.5824494322088,0.117269077977024,1.74001701952805,1.72516333470372,3.3,48.6,48.2
Myiobius.atricaudus,2.93201066719906,0.668722630160724,0.508972107116311,1.75431592992203,22.8,17.4,59.8
Myiornis.auricularis,3.66154828882346,0.102631727966275,2.15024638832133,1.40867017253586,2.8,58.7,38.5
Phacellodomus.striaticollis,5.69913923113271,3.82806989050222,0.531976319020264,1.33909302161022,67.2,9.3,23.5
Myiozetetes.cayanensis,2.8419336643254,1.3719900035194,0.1846736353789,1.2852700254271,48.3,6.5,45.2
Myiozetetes.similis,3.74744963257451,0.0492765239345934,2.00178411364615,1.69638899499376,1.3,53.4,45.3
Myrmorchilus.strigilatus,5.44688725170542,3.86635646021917,0.0968845175087083,1.48364627397754,71,1.8,27.2
Myrmotherula.minor,3.76745558143504,0.748701069089419,1.15912026441068,1.85963424793494,19.9,30.8,49.4
Myrmotherula.urosticta,4.67508788400442,2.42204874008446,0.658534432013266,1.59450471190669,51.8,14.1,34.1
Neopelma.aurifrons,4.29936718953377,1.90174124051551,0.40816954585764,1.98945640316062,44.2,9.5,46.3
Neopelma.chrysolophum,2.61861588730199,0.690729848378637,0.305894312839982,1.62199172608337,26.4,11.7,61.9
Onychorhynchus.swainsoni,3.29724880310927,0.259709942554783,0.621815374246371,2.41572348630811,7.9,18.9,73.3
Oxyruncus.cristatus,2.7999793184092,0.0242212098021119,0.836474747098543,1.93928336150854,0.9,29.9,69.3
Ornithion.inerme,5.48085504162723,3.36912686947079,0.72182715384479,1.38990101831164,61.5,13.2,25.4
Pachyramphus.castaneus,3.53306781183505,0.0119334762961147,0.548551865228298,2.97258247031064,0.3,15.5,84.1
Pachyramphus.marginatus,4.09419966193074,1.06011552623517,0.615245600952603,2.41883853474298,25.9,15,59.1
Pachyramphus.validus,3.99357343050314,3.64438792488576e-05,1.69195290377326,2.30158408285063,0,42.4,57.6
Paroaria.dominicana,6.77566837540171,4.14828494976304,0.224920455340183,2.40246297029849,61.2,3.3,35.5
Petrochelidon.pyrrhonota,3.66421650329618,0.804216193330016,1.66700161214039,1.19299869782578,21.9,45.5,32.6
Tangara.fastuosa,8.44337666296381,6.59471456548774,0.551777288312211,1.29688480916385,78.1,6.5,15.4
Phacellodomus.erythrophthalmus,3.78509031289489,1.21210897765677,0.612539320481973,1.96044201475614,32,16.2,51.8
Phacellodomus.ruber,2.05587472832626,0.904871232108968,0.229327678729131,0.921675817488159,44,11.2,44.8
Phibalura.flavirostris,3.64786371323034,0.138019816870816,1.84479927856119,1.66504461779834,3.8,50.6,45.6
Philydor.rufum,3.27048145378026,0.0685878155223644,0.878339834847674,2.32355380341022,2.1,26.9,71
Philydor.atricapillus,3.40040473852311,0.00406543221164479,1.16319370776247,2.233145598549,0.1,34.2,65.7
Phylloscartes.beckeri,4.3849191805115,3.43359652591356,0.133274219501437,0.818048435096502,78.3,3,18.7
Phylloscartes.difficilis,3.83851624016166,0.669977369164142,1.30165083169499,1.86688803930254,17.5,33.9,48.6
Phylloscartes.kronei,4.9014059556677,2.79282396294468,0.483833514863056,1.62474847785996,57,9.9,33.1
Phyllomyias.virescens,3.55377022025949,0.474654858047675,1.81888682448328,1.26022853772853,13.4,51.2,35.5
Phylloscartes.oustaleti,3.21133465057607,0.337545711714639,0.174598338100005,2.69919060076142,10.5,5.4,84.1
Phyllomyias.reiseri,2.65716938998889,1.5361893663072,0.555999708257878,0.564980315423814,57.8,20.9,21.3
Phylloscartes.paulista,3.2207844292418,0.40111052986832,1.62930160478035,1.19037229459313,12.5,50.6,37
Phylloscartes.roquettei,4.27538123769793,3.47588174526837,0.176140134306951,0.623359358122606,81.3,4.1,14.6
Phylloscartes.sylviolus,3.93744728065843,0.493527075006792,1.7849881230802,1.65893208257145,12.5,45.3,42.1
Phytotoma.rutila,6.76985145314703,6.76985145314703,0,0,100,0,0
Brachygalba.lugubris,2.70449186619357,2.47587841078988,0.0682849947046093,0.16032846069908,91.5,2.5,5.9
Pipraeidea.melanonota,3.48518441561511,0.172918245351223,1.84887093374016,1.46339523652373,5,53,42
Pipra.fasciicauda,2.20106511076155,0.140150250681205,0.187266736704001,1.87364812337634,6.4,8.5,85.1
Platyrinchus.leucoryphus,3.68726855043221,0.755296379749794,1.66572594957223,1.26624622111019,20.5,45.2,34.3
Poecilotriccus.latirostris,1.99417568381675,1.12254136773673,0.273299844616143,0.598334471463884,56.3,13.7,30
Polioptila.lactea,4.05243644432639,1.57793388489823,1.27383985203774,1.20066270739043,38.9,31.4,29.6
Polystictus.superciliaris,2.55870235311454,1.38073818399406,0.192658747549052,0.985305421571428,54,7.5,38.5
Procnias.nudicollis,3.87221342757474,0.0169716199814151,2.03774970700079,1.81749210059254,0.4,52.6,46.9
Calidris.bairdii,6.4937551068077,4.5462616780847,0.531996884353597,1.4154965443694,70,8.2,21.8
Pseudocolopteryx.dinelliana,1.76756391749565,1.63097544188002,0.0188416694181354,0.117746806197498,92.3,1.1,6.7
Pseudocolopteryx.flaviventris,6.88626551603945,5.4727186667137,0.348196661471399,1.06535018785435,79.5,5.1,15.5
Pseudocolopteryx.sclateri,4.7275314667164,2.56255505133063,0.545339117855956,1.61963729752982,54.2,11.5,34.3
Pseudoseisura.cristata,5.43409135775927,2.69772058668999,0.369764777280444,2.36660599378883,49.6,6.8,43.6
Pyriglena.atra,8.67689859868842,7.55344252346186,0.530638589657122,0.592817485569431,87.1,6.1,6.8
Pyriglena.leucoptera,3.57848765042026,0.0294000182602512,1.90158903095767,1.64749860120234,0.8,53.1,46
Pyroderus.scutatus,3.70462825017524,0.0288934241508453,1.49847502273579,2.17725980328861,0.8,40.4,58.8
Ramphocelus.bresilius,4.67125751943005,1.06141720587879,1.46404594216448,2.14579437138678,22.7,31.3,45.9
Ramphocelus.carbo,2.62742891968914,0.367705008154452,0.925610455475176,1.33411345605952,14,35.2,50.8
Rhopornis.ardesiacus,5.14802533314184,4.50677515862062,0.0341912924901581,0.607058882031066,87.5,0.7,11.8
Satrapa.icterophrys,3.72372734864767,0.0272717804529776,1.55036107954429,2.1460944886504,0.7,41.6,57.6
Saltator.maxillosus,4.32467065666592,1.88843580462894,1.34336526956997,1.09286958246701,43.7,31.1,25.3
Schiffornis.virescens,3.47181674566891,0.144855196871169,1.68277391548837,1.64418763330937,4.2,48.5,47.4
Scytalopus.novacapitalis,1.87153653956618,1.87153653956618,0,0,100,0,0
Calidris.subruficollis,6.9070736206891,5.8422164989817,0.160694402302658,0.904162719404742,84.6,2.3,13.1
Sporophila.collaris,2.94398390142143,0.520914913325858,0.984998874080921,1.43807011401465,17.7,33.5,48.8
Stelgidopteryx.ruficollis,5.47002510299172,4.01102500116661,0.413325418341751,1.04567468348336,73.3,7.6,19.1
Netta.erythrophthalma,4.11632491771114,1.32084417230671,0.569920225502898,2.22556051990153,32.1,13.8,54.1
Sporophila.albogularis,7.29563565942826,5.00646224841561,0.310442780703557,1.97873063030909,68.6,4.3,27.1
Synallaxis.frontalis,3.75138265753517,1.2506157562322,0.608274818010135,1.89249208329283,33.3,16.2,50.4
Stephanophorus.diadematus,4.12486033392356,1.63730223917963,1.34780647688439,1.13975161785954,39.7,32.7,27.6
Sublegatus.modestus,3.36247627027374,0.361971128579546,1.33337811832928,1.66712702336492,10.8,39.7,49.6
Synallaxis.ruficapilla,3.51108735057173,0.276536144572193,1.58264842415059,1.65190278184895,7.9,45.1,47
Synallaxis.spixi,4.0862648862834,0.423240214674239,2.08375924717842,1.57926542443074,10.4,51,38.6
Synallaxis.albescens,3.56369502498656,0.0542800407827938,1.62992735658816,1.87948762761561,1.5,45.7,52.7
Synallaxis.cinerascens,3.5285335955335,0.489863901838916,1.62661084139423,1.41205885230035,13.9,46.1,40
Syndactyla.rufosuperciliata,4.02654987926873,1.17030983259472,1.43160917579982,1.42463087087419,29.1,35.6,35.4
Tachycineta.albiventer,3.79773683084042,0.0325292381059931,2.09479978172015,1.67040781101427,0.9,55.2,44
Tachycineta.leucorrhoa,3.48997255139529,0.421559868747803,1.4596820154334,1.60873066721409,12.1,41.8,46.1
Tangara.cyanocephala,4.33010792551685,0.460091136502266,2.31476986186338,1.55524692715121,10.6,53.5,35.9
Tangara.cyanoventris,3.08573679780172,0.933951636996886,0.409291830468784,1.74249333033605,30.3,13.3,56.5
Tangara.preciosa,4.21562140677426,1.93346816498011,1.2373966609912,1.04475658080295,45.9,29.4,24.8
Tangara.seledon,3.88670247060356,0.284174529493945,1.90424334307186,1.69828459803776,7.3,49,43.7
Tersina.viridis,3.89541186967858,0.00983886871787808,2.25360759335538,1.63196540760532,0.3,57.9,41.9
Thamnomanes.caesius,4.88387680365137,2.26740664227308,0.573022861017991,2.0434473003603,46.4,11.7,41.8
Thamnophilus.ambiguus,4.28932534857841,1.50968259445478,0.661140370695743,2.11850238342789,35.2,15.4,49.4
Thamnophilus.caerulescens,3.6615722686698,0.049326400094549,1.7416471032907,1.87059876528455,1.3,47.6,51.1
Thamnophilus.palliatus,4.87465431165728,2.1572986692963,0.77842384394993,1.93893179841105,44.3,16,39.8
Thamnophilus.pelzelni,3.71118990097503,1.66024542328947,0.446671573778142,1.60427290390742,44.7,12,43.2
Thamnophilus.torquatus,3.44524305118346,1.06094170002485,0.620668737409795,1.76363261374881,30.8,18,51.2
Thlypopsis.sordida,3.65168496756036,0.776439183321176,0.963142810614791,1.9121029736244,21.3,26.4,52.4
Tangara.cyanoptera,4.02101270810088,0.105725220958209,0.464111015887921,3.45117647125475,2.6,11.5,85.8
Thripophaga.macroura,4.55245736483317,2.40182816047509,0.510774206030464,1.63985499832761,52.8,11.2,36
Tityra.inquisitor,4.53059504267761,4.53059504267761,0,0,100,0,0
Todirostrum.poliocephalum,2.93126550302846,0.521823260516853,0.505938702770704,1.9035035397409,17.8,17.3,64.9
Tolmomyias.poliocephalus,6.07106379530175,3.92188898545472,0.694055139752227,1.45511967009481,64.6,11.4,24
Chloroceryle.aenea,4.53059504267761,4.53059504267761,0,0,100,0,0
Chloroceryle.amazona,4,1.67546875278688e-33,1.11845632955057,2.88154367044943,0,28,72
Trichothraupis.melanops,3.70760389453595,0.0335688977655983,1.23749729692323,2.43653769984711,0.9,33.4,65.7
Turdus.amaurochalinus,4,1.67546875278688e-33,1.11845632955057,2.88154367044943,0,28,72
Turdus.fumigatus,4.76529800028855,2.14272294711936,0.876204075761605,1.74637097740758,45,18.4,36.6
Turdus.rufiventris,4,1.67546875278688e-33,1.11845632955057,2.88154367044943,0,28,72
Tyrannus.albogularis,2.24420829004615,1.61875358018412,0.175782240501476,0.449672469360551,72.1,7.8,20
Tyrannus.savana,6.79792949652803,5.40517062171697,0.425709313995632,0.967049560815423,79.5,6.3,14.2
Tyrannus.tyrannus,2.32770529976729,1.46680800929779,0.218669504400023,0.642227786069475,63,9.4,27.6
Ramphodon.naevius,4.12289513854839,0.276038745897033,1.57850373060064,2.26835266205072,6.7,38.3,55
Xiphocolaptes.albicollis,3.71849707116378,0.0290702429548174,1.52346278425121,2.16596404395775,0.8,41,58.2
Xolmis.cinereus,3.50216053094147,0.377518174311546,1.54516118357377,1.57948117305615,10.8,44.1,45.1
Xolmis.irupero,5.19846801507298,1.73205013776176,1.85135225017422,1.61506562713699,33.3,35.6,31.1
Xolmis.velatus,2.11433788191347,0.612955177174539,0.485880038701991,1.01550266603694,29,23,48
Thalurania.furcata,2.61976767908181,0.1899599211921,0.937473437573859,1.49233432031585,7.3,35.8,57
Thalurania.glaucopis,3.60317618591463,0.10446510923372,2.07429751040071,1.4244135662802,2.9,57.6,39.5
Streptoprocne.biscutata,3.88925632321951,0.0709182188991184,1.31830904058904,2.50002906373135,1.8,33.9,64.3
Accipiter.superciliosus,3.45824544930047,0.0133019697622247,1.31224583096918,2.13269764856907,0.4,37.9,61.7
Aegolius.harrisii,4.94583528687992,2.22305510128981,1.31803328985135,1.40474689573876,44.9,26.6,28.4
Alipiopsitta.xanthops,2.15353169394769,0.915650673991901,0.399126514202411,0.838754505753374,42.5,18.5,38.9
Crypturellus.strigulosus,8.25644644983758,6.57331773031996,0.486300990963588,1.19682772855403,79.6,5.9,14.5
Crypturellus.tataupa,4,1.67546875278688e-33,1.11845632955057,2.88154367044943,0,28,72
Amazilia.versicolor,3.69914039639843,0.00464955992320211,1.55152863992686,2.14296219654837,0.1,41.9,57.9
Amazilia.fimbriata,3.78151384660057,0.378348404580744,1.35695491080668,2.04621053121315,10,35.9,54.1
Amazilia.leucogaster,6.88303212677155,5.19524615256227,0.433670080111592,1.25411589409769,75.5,6.3,18.2
Amazilia.sapphirina,3.67392134295634,0.446564386717067,1.42487533853136,1.80248161770792,12.2,38.8,49.1
Amazona.brasiliensis,6.07895148349859,4.57315428396338,0.459342889977841,1.04645430955736,75.2,7.6,17.2
Amazona.pretrei,6.6064682062509,5.69529450100839,0.168710128681794,0.742463576560716,86.2,2.6,11.2
Amazona.rhodocorytha,4.25911424038578,1.8608263242761,0.951385736265747,1.44690217984393,43.7,22.3,34
Amazonetta.brasiliensis,4,1.67546875278688e-33,1.11845632955057,2.88154367044943,0,28,72
Amazona.vinacea,4.0384386875368,0.868134980435591,1.72312351509711,1.44718019200409,21.5,42.7,35.8
Anhima.cornuta,3.22559614956674,0.567610442791878,0.986369234810612,1.67161647196425,17.6,30.6,51.8
Anodorhynchus.hyacinthinus,3.66325906630043,3.27989430430629,0.0665079070935967,0.316856854900544,89.5,1.8,8.6
Anthracothorax.nigricollis,3.91745249441189,0.00148340396458301,1.87656077241319,2.03940831803412,0,47.9,52.1
Antrostomus.sericocaudatus,2.73939317481226,0.11889846834057,0.695612267007603,1.92488243946408,4.3,25.4,70.3
Aphantochroa.cirrochloris,4.16010807458912,0.351973785799207,1.43531970611021,2.37281458267971,8.5,34.5,57
Aratinga.auricapillus,3.38958065521155,0.451021336805634,1.20376011723592,1.73479920116999,13.3,35.5,51.2
Aratinga.jandaya,8.15726767197081,6.37734339653882,0.509440137291589,1.27048413814041,78.2,6.2,15.6
Ara.chloropterus,1.74265437570533,0.778111458865486,0.0673422442931894,0.897200672546655,44.7,3.9,51.5
Ardea.cocoi,4,1.67546875278688e-33,1.11845632955057,2.88154367044943,0,28,72
Augastes.scutatus,4.37312542165421,2.91655409803428,0.14970625905401,1.30686506456591,66.7,3.4,29.9
Bartramia.longicauda,3.98995804736918,1.16231470917767,1.56360648627447,1.26403685191704,29.1,39.2,31.7
Baryphthengus.ruficapillus,3.45242080337352,0.0158534164696707,0.999954248866933,2.43661313803692,0.5,29,70.6
Brotogeris.chiriri,2.21045123163109,0.235546113256316,0.434506891420622,1.54039822695416,10.7,19.7,69.7
Brotogeris.tirica,4.04807046049371,0.42188860550245,1.46540140567935,2.16078044931191,10.4,36.2,53.4
Buteogallus.coronatus,4.0308836983584,0.122541502843938,0.89818607643792,3.01015611907654,3,22.3,74.7
Buteogallus.lacernulatus,4.17380628144551,0.741911123097962,1.01429039864064,2.41760475970692,17.8,24.3,57.9
Buteogallus.meridionalis,4,1.67546875278688e-33,1.11845632955057,2.88154367044943,0,28,72
Buteo.brachyurus,3.98912618229477,0.000136620352524599,1.75576783789865,2.23322172404359,0,44,56
Buteo.nitidus,4.23165843661258,1.55535560669216,0.875487638462509,1.80081519145791,36.8,20.7,42.6
Chauna.torquata,4.31651002375016,2.31315798316941,1.00198435354871,1.00136768703204,53.6,23.2,23.2
Campephilus.melanoleucos,3.30730603920358,0.76105636409072,1.14615009078521,1.40009958432765,23,34.7,42.3
Calliphlox.amethystina,3.97540582300738,0.000814535114646962,1.85470499669124,2.11988629120149,0,46.7,53.3
Callonetta.leucophrys,6.22261449812317,3.82609892805204,0.288648977844966,2.10786659222616,61.5,4.6,33.9
Campephilus.robustus,3.64805503957552,0.0206464034614318,1.16330291781947,2.46410571829462,0.6,31.9,67.5
Cariama.cristata,4,1.67546875278688e-33,1.11845632955057,2.88154367044943,0,28,72
Celeus.flavescens,3.61077618428509,0.175360485129364,1.24055016394419,2.19486553521153,4.9,34.4,60.8
Celeus.flavus,5.01169641307641,3.06572420168154,0.800068880090812,1.14590333130406,61.2,16,22.9
Celeus.lugubris,0.903137537051717,0.814493292967255,0.0168609035559742,0.0717833405284877,90.2,1.9,7.9
Celeus.tinnunculus,4.92272255454962,3.10027491307842,0.207287019712677,1.61516062175852,63,4.2,32.8
Elaenia.mesoleuca,3.5784819908649,0.0785925304303155,1.04852313169218,2.4513663287424,2.2,29.3,68.5
Biatas.nigropectus,3.30502484669418,0.556670391786025,1.09009983803078,1.65825461687737,16.8,33,50.2
Acrobatornis.fonsecai,4.32769433203498,3.41563793379287,0.0697098352462524,0.842346562995863,78.9,1.6,19.5
Alectrurus.tricolor,2.56184789846066,0.690634488780105,0.605049584030752,1.26616382564981,27,23.6,49.4
Anthus.nattereri,4.23353535380075,1.85400574842331,1.20888560501504,1.1706440003624,43.8,28.6,27.7
Asthenes.luizae,3.93462137662644,3.36674255566941,0.142670020484468,0.425208800472558,85.6,3.6,10.8
Carpornis.melanocephala,3.68311924395879,0.687839442055477,0.996170731233021,1.9991090706703,18.7,27,54.3
Cercomacra.brasiliana,3.25266707937778,1.40584867537477,0.426612095817616,1.42020630818539,43.2,13.1,43.7
Chiroxiphia.pareola,5.30689625460285,2.70521259527199,0.929148626032814,1.67253503329805,51,17.5,31.5
Cinclodes.fuscus,6.78925650986322,6.53250589604449,1.44108643815644e-05,0.256736202954349,96.2,0,3.8
Chamaeza.meruloides,2.81028237629117,0.288358401766435,0.435098629191917,2.08682534533282,10.3,15.5,74.3
Corythopis.delalandi,2.96558879516516,0.0960005463268919,0.318272188112293,2.55131606072597,3.2,10.7,86
Culicivora.caudacuta,2.88003190908941,0.227911106180401,0.964509544551484,1.68761125835753,7.9,33.5,58.6
Cyanocorax.cyanomelas,2.28255407347861,1.39242604527709,0.199772803017529,0.690355225183988,61,8.8,30.2
Dendrocolaptes.platyrostris,3.77798065382633,0.0186312283913691,1.60177545660782,2.15757396882714,0.5,42.4,57.1
Dendroplex.picus,6.24866226984038,3.99247650174602,0.702526036117167,1.55365973197719,63.9,11.2,24.9
Formicivora.rufa,3.53892628486535,1.04690230925901,0.650366106233576,1.84165786937277,29.6,18.4,52
Dysithamnus.plumbeus,3.72214160644765,2.13118228499628,0.262374092635133,1.32858522881624,57.3,7,35.7
Dysithamnus.xanthopterus,2.64483785698354,0.496304088570229,0.722428547162635,1.42610522125067,18.8,27.3,53.9
Eleoscytalopus.indigoticus,3.56465154953878,0.060653982247324,1.31866169796032,2.18533586933113,1.7,37,61.3
Eleoscytalopus.psychopompus,7.40388544412989,6.24143690650439,0.486830865983712,0.675617671641787,84.3,6.6,9.1
Euscarthmus.rufomarginatus,2.2173612647591,0.709560959387347,0.580070753681122,0.927729551690629,32,26.2,41.8
Fluvicola.nengeta,3.74856381911838,0.0505755760183049,1.92446883753185,1.77351940556823,1.3,51.3,47.3
Geositta.poeciloptera,2.23250495751917,0.712530323245983,0.531537691074691,0.988436943198495,31.9,23.8,44.3
Grallaria.varia,4.01944121336884,0.0996748089660003,1.47272341897936,2.44704298542347,2.5,36.6,60.9
Hemitriccus.margaritaceiventer,3.17761413452058,0.472536417620737,0.962171898157938,1.74290581874191,14.9,30.3,54.8
Synallaxis.hellmayri,7.47532621786605,7.42835762544931,0.0140171800654466,0.0329514123513013,99.4,0.2,0.4
Hemitriccus.mirandae,8.15726767197081,6.37734339653882,0.509440137291589,1.27048413814041,78.2,6.2,15.6
Herpsilochmus.pileatus,8.22632861194603,7.18115714671695,0.518380533570722,0.526790931658357,87.3,6.3,6.4
Herpsilochmus.scapularis,5.37154634421509,2.80380443456743,0.433511794289702,2.13423011535796,52.2,8.1,39.7
Clibanornis.rectirostris,2.73260794163269,0.981234114110901,0.635146142559579,1.11622768496221,35.9,23.2,40.8
Hylophilus.pectoralis,2.36080471879707,1.72110861595475,0.230055164640827,0.409640938201493,72.9,9.7,17.4
Hypoedaleus.guttatus,3.15434411988348,0.00542295253068508,0.44329366155405,2.70562750579874,0.2,14.1,85.8
Lepidocolaptes.angustirostris,3.40334336267324,0.120695065067846,1.60033867316545,1.68230962443995,3.5,47,49.4
Lepidocolaptes.falcinellus,4.93545073668624,2.99350603615861,0.737034067660253,1.20491063286737,60.7,14.9,24.4
Sporophila.beltoni,4.25042186678496,1.53225567980114,1.58140061587792,1.1367655711059,36,37.2,26.7
Chamaeza.campanisona,3.60268473354124,0.104355102806071,1.78105833812777,1.7172712926074,2.9,49.4,47.7
Empidonomus.varius,4,1.67546875278688e-33,1.11845632955057,2.88154367044943,0,28,72
Furnarius.figulus,4.34833242406069,1.52822151332859,0.618668507008747,2.20144240372335,35.1,14.2,50.6
Heliobletus.contaminatus,3.65506838627634,0.830839016122181,1.51297535813718,1.31125401201698,22.7,41.4,35.9
Herpsilochmus.pectoralis,7.99761316768878,5.90563020056094,0.361263724314854,1.73071924281298,73.8,4.5,21.6
Knipolegus.nigerrimus,3.10897686620396,0.473300396773843,0.345231276151869,2.29044519327825,15.2,11.1,73.7
Conopias.trivirgatus,3.46901226802895,0.026019920857789,1.71553826240509,1.72745408476608,0.8,49.5,49.8
Drymophila.ochropyga,3.37430743110667,0.155195708139762,0.444509338102399,2.77460238486451,4.6,13.2,82.2
Drymophila.squamata,3.95706920752737,0.749665111973591,0.959044847007846,2.24835924854593,18.9,24.2,56.8
Amazilia.lactea,3.49492974297387,0.2480596294191,1.39977763391616,1.84709247963861,7.1,40.1,52.9
Chaetura.spinicaudus,6.69160078137901,4.72512866630138,0.167420478535985,1.79905163654164,70.6,2.5,26.9
Piaya.cayana,4,1.67546875278688e-33,1.11845632955057,2.88154367044943,0,28,72
Piculus.aurulentus,3.96052024508062,0.997059975346021,1.67804555277567,1.28541471695893,25.2,42.4,32.5
Tigrisoma.fasciatum,3.9923483737446,1.67438111656346,1.20711376522254,1.1108534919586,41.9,30.2,27.8
Celeus.ochraceus,5.5198477220949,3.18347723572281,0.510609223146367,1.82576126322571,57.7,9.3,33.1
Nothura.minor,1.64369267642403,0.458799603137737,0.4440108543187,0.740882218967594,27.9,27,45.1
Piculus.chrysochloros,4.4739285592092,2.2222000035596,0.81923814232388,1.43249041332572,49.7,18.3,32
Pygochelidon.cyanoleuca,4,1.67546875278688e-33,1.11845632955057,2.88154367044943,0,28,72
Pygochelidon.melanoleuca,3.59143619703489,0.450877145201783,0.595912560923077,2.54464649091003,12.6,16.6,70.9
Cyanocorax.coeruleus,5.14783183263713,3.345460313828,0.673101340423022,1.12927017838611,65,13.1,21.9
Cyanocorax.chrysops,3.41995425865938,0.874904138358127,1.52316532052288,1.02188479977837,25.6,44.5,29.9
Cyanocorax.cristatellus,2.61998140738374,0.897158612169746,0.561105310851873,1.16171748436212,34.2,21.4,44.3
Donacobius.atricapilla,3.15662645476507,0.287887655558729,1.19800328024333,1.67073551896301,9.1,38,52.9
Hylophilus.amaurocephalus,3.17829849586577,1.14149063858466,0.560494265908531,1.47631359137258,35.9,17.6,46.4
Hemitriccus.striaticollis,5.18875548619817,2.38356863150704,0.36790455132378,2.43728230336735,45.9,7.1,47
Hemitriccus.griseipectus,8.36179486648739,6.75403061771492,0.539773651244675,1.0679905975278,80.8,6.5,12.8
Atticora.tibialis,2.95129940751219,0.383833265484813,0.270947813784222,2.29651832824315,13,9.2,77.8
Hirundinea.bellicosa,4,1.67546875278688e-33,1.11845632955057,2.88154367044943,0,28,72
Machetornis.rixosa,4.0125378169177,0.0026694180853463,1.69820807248416,2.3116603263482,0.1,42.3,57.6
Piprites.chloris,3.23469762622859,0.356996044939022,1.62740186126098,1.25029972002858,11,50.3,38.7
Serpophaga.griseicapilla,4.75986011574369,2.93745018581751,0.573272123426331,1.24913780649985,61.7,12,26.2
Tachycineta.meyeni,8.49779306130418,8.49779306130418,0,0,100,0,0
Terenura.sicki,7.37088929989935,5.88913693302601,0.366459903258218,1.11529246361512,79.9,5,15.1
Xolmis.dominicanus,5.80634442340954,4.4274535083105,0.470368744457265,0.908522170641766,76.3,8.1,15.6
Cnemotriccus.fuscatus,3.82751519375486,0.0257538805746557,2.01409652835163,1.78766478482857,0.7,52.6,46.7
Hylophilus.poicilotis,3.71635749802155,1.13058481780478,1.49831295222359,1.08745972799318,30.4,40.3,29.3
Laniocera.hypopyrra,4.73135631299921,3.11125993882509,0.455517765043763,1.16457860913036,65.8,9.6,24.6
Alopochelidon.fucata,3.50801035733572,0.521451336634054,1.52891276419898,1.45764625650269,14.9,43.6,41.6
Phyllomyias.fasciatus,4.03225487313404,0.000133003464868975,0.439372945260902,3.59274892440827,0,10.9,89.1
Phylloscartes.ventralis,3.39555433683334,0.511676121558332,1.52301943749626,1.36085877777875,15.1,44.9,40.1
Zimmerius.acer,8.15726767197081,6.37734339653882,0.509440137291589,1.27048413814041,78.2,6.2,15.6
Cranioleuca.vulpina,1.57384587151607,0.617236007523097,0.399748766967713,0.556861097025262,39.2,25.4,35.4
Capsiempis.flaveola,3.7478242250224,0.0595504626199161,1.94200308175187,1.74627068065062,1.6,51.8,46.6
Chordeiles.pusillus,4.02783149289386,1.91890991256843,0.373572450594504,1.73534912973093,47.6,9.3,43.1
Attila.phoenicurus,3.45169163562451,0.534808898160159,1.56675134111534,1.35013139634901,15.5,45.4,39.1
Antrostomus.rufus,3.91657020581774,0.00159295166474178,1.74071109575376,2.17426615839924,0,44.4,55.5
Amblyramphus.holosericeus,2.9246162227475,0.929871385439904,1.10484088275616,0.889903954551434,31.8,37.8,30.4
Ammodramus.humeralis,4,1.67546875278688e-33,1.11845632955057,2.88154367044943,0,28,72
Arremon.semitorquatus,2.80848919772782,0.302840677298211,0.439502118949609,2.06614640148,10.8,15.6,73.6
Myiothlypis.flaveola,3.62589176276444,1.12509426612468,0.657985423005993,1.84281207363377,31,18.1,50.8
Myiothlypis.leucoblephara,3.49390235380837,0.749129741465025,1.47330144422297,1.27147116812037,21.4,42.2,36.4
Campylorhynchus.turdinus,4.156314497767,1.55440983874681,1.01356984215846,1.58833481686173,37.4,24.4,38.2
Spinus.yarrellii,8.15726767197081,6.37734339653882,0.509440137291589,1.27048413814041,78.2,6.2,15.6
Caryothraustes.canadensis,4.77095619343306,2.30432632542315,0.516063672929693,1.95056619508021,48.3,10.8,40.9
Chrysomus.ruficapillus,4,1.67546875278688e-33,1.11845632955057,2.88154367044943,0,28,72
Compsothraupis.loricata,5.36070567301689,3.08932498298916,0.215841847736929,2.0555388422908,57.6,4,38.3
Conirostrum.speciosum,3.79460604919373,0.0376904895748994,2.01979483754627,1.73712072207256,1,53.2,45.8
Coryphospingus.pileatus,4.52472487814159,1.633398700336,0.561962943374813,2.32936323443077,36.1,12.4,51.5
Cypsnagra.hirundinacea,2.27322592605688,0.926276038080554,0.331976402487189,1.01497348548913,40.7,14.6,44.6
Dacnis.nigripes,3.53981357205784,0.347843572497862,0.616325187044126,2.57564481251586,9.8,17.4,72.8
Emberizoides.ypiranganus,4.63860715823703,2.3145333515272,0.990254741449266,1.33381906526056,49.9,21.3,28.8
Euphonia.laniirostris,3.00907048751729,2.96803380401188,0.0132728973021288,0.0277637862032847,98.6,0.4,0.9
Leistes.superciliaris,4,1.67546875278688e-33,1.11845632955057,2.88154367044943,0,28,72
Islerothraupis.cristata,4.13693712686569,0.714425402013607,1.04077594636368,2.3817357784884,17.3,25.2,57.6
Tangara.palmarum,3.90737504170967,0.00966737664543703,1.96347929941106,1.93422836565317,0.2,50.3,49.5
Cantorchilus.leucotis,2.13640775190194,0.647592681141266,0.465190319671766,1.02362475108891,30.3,21.8,47.9
Cantorchilus.longirostris,4.24578401101725,0.554110579692676,1.28976274198645,2.40191068933812,13.1,30.4,56.6
Asemospiza.fuliginosa,3.69543708096137,0.143177059419151,1.29651340177832,2.2557466197639,3.9,35.1,61
Tangara.peruviana,3.59059429582231,0.627585430336988,1.28729558386488,1.67571328162044,17.5,35.9,46.7
Sporophila.plumbea,3.46580310802206,0.179967397166273,1.23924544259956,2.04659026825623,5.2,35.8,59.1
Microspingus.cabanisi,5.31645817312706,3.81895938570491,0.489091541991314,1.00840724543084,71.8,9.2,19
Pheugopedius.genibarbis,5.00036188270884,2.2492853854976,0.486236038378039,2.26484045883321,45,9.7,45.3
Agelasticus.cyanopus,2.72766047627555,0.338462545064218,0.736583825135553,1.65261410607578,12.4,27,60.6
Agelasticus.thilius,5.56331337877255,2.80305670536239,0.473641682515185,2.28661499089497,50.4,8.5,41.1
Anthus.hellmayri,3.93758440494388,0.864625845254312,1.43552821548545,1.63743034420412,22,36.5,41.6
Basileuterus.hypoleucus,2.12736607928012,0.881553815934422,0.265403926824449,0.980408336521246,41.4,12.5,46.1
Cacicus.chrysopterus,3.8667354032551,1.6558547680991,1.1314146338994,1.0794660012566,42.8,29.3,27.9
Cissopis.leverianus,3.44104987238405,0.0292060512138199,0.997927735587953,2.41391608558227,0.8,29,70.2
Catharus.fuscescens,2.80188806059856,0.879362027785296,0.787524289205538,1.13500174360773,31.4,28.1,40.5
Conirostrum.bicolor,5.4720947767259,2.37530344852839,1.14699696009563,1.94979436810188,43.4,21,35.6
Coryphospingus.cucullatus,3.48061229283913,0.536996765160133,1.53927234837452,1.40434317930447,15.4,44.2,40.3
Emberizoides.herbicola,4,1.67546875278688e-33,1.11845632955057,2.88154367044943,0,28,72
Euphonia.chlorotica,4,1.67546875278688e-33,1.11845632955057,2.88154367044943,0,28,72
Euphonia.cyanocephala,3.69064627012377,0.0748253878283701,1.53192416032498,2.08389672197042,2,41.5,56.5
Euphonia.pectoralis,3.68013808560173,0.0619175601896679,2.0400736855052,1.57814683990687,1.7,55.4,42.9
Gubernatrix.cristata,6.10034271516939,5.94053491673863,0.0100387471768814,0.14976905125387,97.4,0.2,2.5
Hemithraupis.flavicollis,4.84130676993785,1.90651948570427,0.887259654770353,2.04752762946323,39.4,18.3,42.3
Icterus.jamacaii,4.30868959603147,1.41409914533385,0.577917603147027,2.3166728475506,32.8,13.4,53.8
Mimus.saturninus,4,1.67546875278688e-33,1.11845632955057,2.88154367044943,0,28,72
Molothrus.rufoaxillaris,3.33555448973886,0.422697541479651,1.38014449305788,1.53271245520133,12.7,41.4,46
Sporophila.hypochroma,1.76309752417906,0.582376844892578,0.291030564958521,0.889690114327961,33,16.5,50.5
Nemosia.pileata,3.37965912731097,0.802028633880698,0.802072374513155,1.77555811891711,23.7,23.7,52.5
Neothraupis.fasciata,2.21584125080673,0.693746734027071,0.495140786405402,1.02695373037425,31.3,22.3,46.3
Orchesticus.abeillei,2.84535716242527,0.247014107487499,0.546370336683351,2.05197271825442,8.7,19.2,72.1
Orthogonys.chloricterus,2.94785315888846,0.242794032825228,0.68182342556064,2.02323570050259,8.2,23.1,68.6
Paroaria.capitata,2.66217416243775,0.689184409447165,0.294154591260158,1.67883516173042,25.9,11,63.1
Pheucticus.aureoventris,1.28089398899711,1.04266665173035,0.0509795741634232,0.187247763103336,81.4,4,14.6
Polioptila.dumicola,2.73900413441686,0.286655521962811,0.596679067040685,1.85566954541336,10.5,21.8,67.7
Porphyrospiza.caerulescens,4.25695162129384,2.93409439718853,0.225745837092338,1.09711138701296,68.9,5.3,25.8
Psarocolius.decumanus,3.15658533492996,0.0965369179475212,1.43144300951507,1.62860540746737,3.1,45.3,51.6
Pseudoleistes.guirahuro,3.50103265849684,0.60203533700472,1.56732729381531,1.33167002767681,17.2,44.8,38
Pseudoleistes.virescens,5.58660161450638,3.69760092548999,0.655508230177282,1.23349245883911,66.2,11.7,22.1
Saltator.atricollis,2.74164833547079,0.868358882750955,0.628488609228115,1.24480084349172,31.7,22.9,45.4
Saltator.fuliginosus,3.78193604866361,0.145408850852285,2.33508750378487,1.30143969402646,3.8,61.7,34.4
Saltator.similis,3.59204308572184,0.101090417840895,1.09890747065851,2.39204519722243,2.8,30.6,66.6
Schistochlamys.melanopis,3.57492257724646,0.955308359123538,0.693075391272571,1.92653882685035,26.7,19.4,53.9
Schistochlamys.ruficapillus,3.94192466492079,0.795162972823959,0.840531920718836,2.30622977137799,20.2,21.3,58.5
Sicalis.citrina,2.72046690104148,1.30213659603293,0.414810787411035,1.00351951759751,47.9,15.2,36.9
Sicalis.columbiana,2.97705747424338,2.7894837346088,0.01168406832802,0.17588967130656,93.7,0.4,5.9
Sicalis.flaveola,4,1.67546875278688e-33,1.11845632955057,2.88154367044943,0,28,72
Sicalis.luteola,3.5660402321746,0.273697528595414,1.54222484842816,1.75011785515102,7.7,43.2,49.1
Sporophila.falcirostris,4.00963866530092,0.157214442079165,0.70547035958187,3.14695386363988,3.9,17.6,78.5
Sporophila.ardesiaca,3.57619947674361,0.984774689487719,0.435363864012819,2.15606092324307,27.5,12.2,60.3
Sporophila.caerulescens,3.67271921281134,0.0496625254366182,2.00871735840496,1.61433932896976,1.4,54.7,44
Sporophila.frontalis,3.92789808480159,0.139417205682641,1.64075010996692,2.14773076915202,3.5,41.8,54.7
Sporophila.leucoptera,3.49783760515796,0.797993954061321,0.882868731513033,1.81697491958361,22.8,25.2,51.9
Sporophila.lineola,3.11219481568046,0.0857299932210862,0.853811944606403,2.17265287785297,2.8,27.4,69.8
Sporophila.ruficollis,2.86640943185067,0.378496158573503,0.913148059975953,1.57476521330122,13.2,31.9,54.9
Tachyphonus.coronatus,3.52121143220522,0.142964248109503,1.60867166390269,1.76957552019302,4.1,45.7,50.3
Tachyphonus.rufus,3.6085555299937,1.13812641138324,0.705526267625071,1.7649028509854,31.5,19.6,48.9
Tangara.desmaresti,2.88553547568853,0.466557980117781,0.418947618025367,2.00002987754538,16.2,14.5,69.3
Turdus.flavipes,4.43473366492218,0.245889414759581,2.44356126032914,1.74528298983347,5.5,55.1,39.4
Turdus.leucomelas,3.67920529755516,0.0978938898014735,1.83280545504737,1.74850595270632,2.7,49.8,47.5
Xanthopsar.flavus,6.5658700076374,5.27369390629273,0.279008474488379,1.01316762685629,80.3,4.2,15.4
Coryphaspiza.melanotis,2.17389894062139,0.155700623980849,0.280753297513183,1.73744501912736,7.2,12.9,79.9
Amaurospiza.moesta,3.69432160857815,0.863029605516931,1.58208185893094,1.24921014413028,23.4,42.8,33.8
Amazona.amazonica,3.9657037097466,1.7152310652632,0.580736657268966,1.66973598721443,43.3,14.6,42.1
Ara.ararauna,1.95002109164648,1.19781741213706,0.271538966006687,0.48066471350273,61.4,13.9,24.6
Buteogallus.aequinoctialis,6.84642649242328,3.40927818837555,1.5223817870188,1.91476651702894,49.8,22.2,28
Leptodon.forbesi,8.35496632684645,6.8361230331939,0.513979048837951,1.0048642448146,81.8,6.2,12
Lipaugus.ater,2.62907131085858,0.628829222503735,0.225014932516943,1.77522715583791,23.9,8.6,67.5
Myiopsitta.monachus,5.11575995787633,3.97046247376475,0.569819692009691,0.575477792101884,77.6,11.1,11.2
Myrmoderus.ruficauda,5.38762961942975,3.31592258749298,0.352700867041766,1.71900616489501,61.5,6.5,31.9
Paroaria.coronata,6.38951536107032,4.56073096673386,0.424414948411157,1.4043694459253,71.4,6.6,22
Phalcoboenus.chimango,4.62847079037699,2.66054487696321,0.846944640164373,1.12098127324941,57.5,18.3,24.2
Phoenicopterus.chilensis,5.77235228430839,3.65475913251817,0.285803995460152,1.83178915633007,63.3,5,31.7
Pipile.jacutinga,3.5380769110633,0.0813696226412825,1.87095427606834,1.58575301235367,2.3,52.9,44.8
Psittacara.acuticaudatus,4.61791230132665,1.65126363777541,1.08931467103579,1.87733399251544,35.8,23.6,40.7
Pyrrhura.griseipectus,5.48141224628164,4.62743305790978,0.302293432867808,0.551685755504048,84.4,5.5,10.1
Scytalopus.speluncae,4.50037826510829,1.40175742341047,1.65035546506972,1.44826537662811,31.1,36.7,32.2
Sporophila.angolensis,3.99348338383624,3.6652804230056e-05,1.95914435723905,2.03430237379296,0,49.1,50.9
Sporophila.hypoxantha,3.50640254044025,0.588826146214329,1.61953217704017,1.29804421718575,16.8,46.2,37
